7114.535368541451 1
7114.535368541451 1
7114.535368541451 1
14229.070737082902 1
14229.070737082902 1
14229.070737082902 1
14229.070737082902 1
2134.3606105624353 1
2134.3606105624353 1
2134.3606105624353 1
0.0 290538
144431.11341255615 290538
0.0 290538
0.0 290538
0.0 290538
4098.795873253248 290538
0.0 909538
11238.118969944666 909538
15503.126011788338 909538
2191.1124750727545 909538
83206.93284016181 310420
11685.273677295734 310420
16225.158896499528 310420
2280.182050779772 310420
91524.72019885434 793815
12710.62947500065 793815
17607.752695790958 793815
2468.229459308743 793815
107911.0482478707 299994
15469.127944994112 299994
21040.303068690657 299994
3021.7419031457944 299994
0.0 201337
0.0 201337
0.0 201337
0.0 201337
0.0 768912
0.0 768912
0.0 768912
2726.179388484764 768912
126420.93043303612 768794
17791.898253786596 768794
24651.809994586234 768794
3467.1110079237064 768794
141818.77584246377 148536
20459.896805355806 148536
27646.67257392164 148536
3988.1916488981165 148536
114109.49820579938 890885
16328.951612483159 890885
22251.053240310794 890885
3183.8466546141244 890885
123176.37948499102 852888
17727.108832085996 852888
24019.073584034926 852888
3456.4658067184455 852888
114310.2367383889 365080
15770.03462220182 365080
22290.197678293436 365080
3076.00066545731 365080
0.0 233377
18043.476693416007 233377
25286.377483586057 233377
3518.199434639724 233377
0.0 225574
0.0 225574
0.0 225574
0.0 225574
142370.07988626786 828104
20357.311507236856 828104
27761.86655136786 828104
3969.40828820627 828104
114249.31259635498 676239
16253.255203323037 676239
22137.923039631343 676239
3167.1569405520663 676239
106048.89076991299 522308
15152.501729817319 522308
20388.770578528205 522308
2946.8657664143107 522308
0.0 66444
0.0 66444
0.0 66444
0.0 66444
0.0 611580
0.0 611580
0.0 611580
2447.566781012796 611580
77366.03372350392 729303
11100.576862875312 729303
15086.089929531916 729303
2164.325841709337 729303
91996.91359251409 199643
12721.938129168964 199643
17935.046313305065 199643
2474.3063837933405 199643
124349.16333257983 117189
17747.38409437593 117189
24247.79893650004 117189
3460.451985050277 117189
0.0 899336
0.0 899336
0.0 899336
0.0 899336
139773.3141892862 361201
20766.494282982327 361201
27255.465383607203 361201
4071.333096643968 361201
0.0 394590
0.0 394590
0.0 394590
4106.739043396521 394590
0.0 899195
0.0 899195
0.0 899195
0.0 899195
79632.85567241981 500091
11239.511011961416 500091
15425.363692594614 500091
2195.852044549504 500091
118272.40391074076 631323
16708.307654929504 631323
22864.316594628268 631323
3244.7892856771277 631323
89936.743320161 285948
12676.989446816668 285948
17535.24958668899 285948
2464.714673587117 285948
0.0 4096
0.0 4096
0.0 4096
0.0 4096
0.0 995694
0.0 995694
0.0 995694
0.0 995694
120024.59073831254 589703
17239.69145451965 589703
23395.677234804385 589703
3373.5431199758086 589703
82445.11276124776 5962
11687.497910720449 5962
16072.481034538374 5962
2277.78389266022 5962
151482.23691476448 830047
20961.40969582177 830047
29090.37189474092 830047
4087.181213409634 830047
125515.9596616662 319530
18054.624343494997 319530
24475.29840527722 319530
3520.338018233832 319530
113564.33850555232 557745
16037.495738175605 557745
22162.888483966133 557745
3127.4040773734464 557745
0.0 652202
17570.30001545007 652202
23424.353721785377 652202
3425.8840240570266 652202
0.0 553793
0.0 553793
0.0 553793
0.0 553793
107956.14011224026 884108
15175.859385516065 884108
20863.98303155334 884108
2959.987281394818 884108
81787.76984981583 898233
11601.743660612105 898233
15881.012266780768 898233
2258.638940113761 898233
103548.48324104797 996114
14634.084492294962 996114
19897.1440312561 996114
2848.5335575326935 996114
0.0 497459
0.0 497459
0.0 497459
0.0 497459
0.0 146660
0.0 146660
0.0 146660
0.0 146660
103538.84214005277 49340
14839.438161366632 49340
20512.024368127255 49340
2893.403127769038 49340
135685.54901292035 6275
18936.419228852556 6275
26450.66061769302 6275
3690.431675461609 6275
131628.23437737316 168584
18923.373150905216 168584
25667.20683100677 168584
3689.758891845521 168584
114206.23318627375 431307
16609.90623912327 431307
22269.918064316764 431307
3238.634309622415 431307
147056.56997845133 327829
21292.957660147666 327829
28675.70067896769 327829
4158.475780651383 327829
0.0 486411
17699.215044612625 486411
24651.455863175663 486411
3451.0138269857753 486411
0.0 85471
0.0 85471
0.0 85471
2825.800132466198 85471
100688.24603247868 789034
14561.49981480272 789034
19744.30233991537 789034
2848.55933369024 789034
112404.21434343474 886174
16309.854945826823 886174
22078.566571524978 886174
3184.8959512882766 886174
86215.07736788715 968871
12096.760089473753 968871
16503.29918312178 968871
2358.1287890896033 968871
0.0 888121
0.0 888121
0.0 888121
0.0 888121
0.0 302512
0.0 302512
0.0 302512
0.0 302512
104248.14748165074 254922
14794.18627216368 254922
20093.263620369617 254922
2884.5789306129955 254922
98130.63287316583 602451
14433.285347495465 602451
19131.142466748268 602451
2813.201585587803 602451
109765.92751316336 86904
15585.456141206845 86904
21404.052404383536 86904
3038.860486852013 86904
96163.40095922869 969585
13253.897210308167 969585
18751.58181439776 969585
2584.228583358256 969585
87701.01466509938 930192
12803.587846585207 930192
17101.450444478825 930192
2496.4498051468954 930192
0.0 139635
19682.79866520665 139635
27577.901033364626 139635
3837.856092748915 139635
0.0 472927
0.0 472927
0.0 472927
0.0 472927
144527.76927568417 141124
20867.411065636523 141124
28182.61596877537 141124
4068.8416293537834 141124
137627.45377598034 850105
19902.272407427197 850105
26824.309078338116 850105
3876.668645642336 850105
93055.3281932124 71061
13580.102269051227 71061
18059.149290539583 71061
2644.63796991979 71061
0.0 708653
0.0 708653
0.0 708653
0.0 708653
0.0 377443
0.0 377443
0.0 377443
2191.734434406355 377443
112172.74307826579 170019
16165.984100188463 170019
21606.737282975 170019
3152.073363531403 170019
117389.22134038666 781763
16880.326239980357 781763
22881.763608605983 781763
3291.3514615526183 781763
115342.10230721798 386778
16260.334568628876 386778
22491.41056421402 386778
3170.4658551891416 386778
127789.8756191276 838841
18193.571877155737 838841
24918.750594556186 838841
3547.471364871674 838841
94619.91378691916 607262
13691.832604360641 607262
18342.70278619671 607262
2667.29173207431 607262
0.0 186636
0.0 186636
0.0 186636
4199.660141486132 186636
0.0 680028
0.0 680028
0.0 680028
2960.169612054329 680028
94159.21222687821 23352
13586.92704926642 23352
18642.83599960461 23352
2656.9032491699054 23352
136872.54228460716 478953
19734.62488971522 478953
27003.515523143116 478953
3841.073864210335 478953
122063.80023004496 410940
17063.237905386057 410940
23800.16733971023 410940
3315.141563768461 410940
0.0 457000
0.0 457000
0.0 457000
0.0 457000
0.0 102207
0.0 102207
0.0 102207
0.0 102207
107234.55992660475 592288
14876.263393112471 592288
20868.593661353832 592288
2900.577894880173 592288
115634.15571847695 783673
16565.19719576028 783673
22540.658454974706 783673
3228.913702255376 783673
136410.81997166417 766519
19154.14293036537 766519
26075.080136309472 766519
3734.7456200913084 766519
99823.92635825732 685743
14450.515393638108 685743
19465.387520944154 685743
2817.572382843405 685743
119166.67218897199 820085
17271.80947563534 820085
23650.648060900887 820085
3376.0186702547853 820085
81642.75590859927 810388
12025.518210297852 810388
15920.064457748584 810388
2344.703106579806 810388
0.0 444326
0.0 444326
0.0 444326
0.0 444326
138732.8059974501 710863
19908.19165772558 710863
27052.592441016648 710863
3884.032545230932 710863
89196.52040320558 524414
12568.953124318905 524414
17382.981071489237 524414
2449.7753662337136 524414
85535.07190220425 178585
12307.283953788776 178585
16970.422763037597 178585
2404.075702721095 178585
0.0 409993
0.0 409993
0.0 409993
0.0 409993
0.0 267901
0.0 267901
0.0 267901
0.0 267901
139479.29102352855 178077
19734.229365377665 178077
27159.88067410894 178077
3844.616322000967 178077
98866.9491603207 606969
14545.667008638367 606969
19271.054639588518 606969
2834.3753207551476 606969
109619.65352141202 266023
15395.9812284036 266023
21375.534851987395 266023
3001.918754850747 266023
95152.97239705543 742696
13046.660005887648 742696
18554.511901841597 742696
2543.7809855638766 742696
110023.75041792633 202338
15090.34662307422 202338
21130.867888485787 202338
2942.3066031805347 202338
113214.09980496472 551856
15654.792096971927 551856
22076.450917190174 551856
3052.385914131575 551856
112350.7949245398 167231
16384.794401627907 167231
21908.126162849152 167231
3200.480439695971 167231
111461.48431754285 633980
16274.171902220833 633980
21734.66810159069 633980
3173.1421806028934 633980
0.0 236431
0.0 236431
0.0 236431
3050.619096434358 236431
0.0 183083
0.0 183083
0.0 183083
0.0 183083
0.0 167044
0.0 167044
0.0 167044
0.0 167044
135619.02797035762 711361
18818.71848633796 711361
26309.921392656783 711361
3668.6683261622475 711361
154441.61322508202 774777
21628.478672062298 774777
30115.827907631385 774777
4218.722434380079 774777
135872.53338155104 101751
19050.97410526168 101751
25808.101572143903 101751
3713.6306286665185 101751
100594.15288378298 471745
14559.73567624774 471745
19615.56914156032 471745
2838.874512693805 471745
102572.63852824492 962561
14319.249631687242 962561
20008.008318181157 962561
2794.247483459695 962561
127540.13307318294 721789
18524.782628012224 721789
24694.553137552488 721789
3600.7624533386047 721789
104211.16963668657 468238
15420.140649009381 468238
20573.611859637498 468238
3005.1551724627807 468238
133365.03768576364 51584
19119.47045037644 51584
26003.868792399626 51584
3727.563407106296 51584
100647.61668061295 539053
14478.49388741132 539053
19614.33642618629 539053
2822.353615261081 539053
132559.1157033025 824392
18771.425141460466 824392
25846.748237886153 824392
3657.1930935319897 824392
101764.62982631537 943808
14862.667176193187 943808
19916.14047129784 943808
2901.0245256126827 943808
89631.96161565505 360657
12670.806869003047 360657
17607.663207196514 360657
2476.189169048309 360657
0.0 43462
0.0 43462
0.0 43462
0.0 43462
0.0 282109
0.0 282109
0.0 282109
0.0 282109
0.0 943802
0.0 943802
25928.935090927993 943802
3640.7610181627674 943802
94488.84564627832 506506
13742.616861852513 506506
18459.588152089942 506506
2675.3294480093414 506506
124337.66315333065 14373
18228.208533698285 14373
24626.87370593187 14373
3568.152338765101 14373
95263.2715138968 906566
13425.504410538293 906566
18576.014226284482 906566
2617.649641129569 906566
0.0 257196
0.0 257196
0.0 257196
0.0 257196
0.0 836491
0.0 836491
0.0 836491
0.0 836491
0.0 224197
0.0 224197
0.0 224197
0.0 224197
106674.999319577 940687
15801.057622323113 940687
20801.327917961462 940687
3080.9092869969527 940687
115230.07991770658 19340
16682.075785158733 19340
22469.571016647842 19340
3242.834189421808 19340
118312.3812986416 594793
17276.832433697688 594793
23053.550090909903 594793
3367.3885048257403 594793
92469.76722318835 839115
13737.442127518674 839115
18031.334768334313 839115
2689.560784543082 839115
126354.15800954665 613522
18159.82341051309 613522
24323.891373656632 613522
3537.488217089027 613522
117912.20662219393 64776
17521.371856029255 64776
22992.592371779687 64776
3416.3795923775756 64776
0.0 572741
0.0 572741
0.0 572741
0.0 572741
97274.63470460873 957401
13648.132889409733 957401
18791.372007913156 957401
2659.217091386518 957401
139488.16782413636 579560
19831.75489507029 579560
27199.914546840977 579560
3866.9140256730984 579560
138222.29824678486 339615
20021.192158333746 339615
27184.031365531973 339615
3902.970731485803 339615
92244.72969087653 555208
13176.30853967327 555208
17987.4640030708 555208
2569.1218785861674 555208
0.0 571606
0.0 571606
0.0 571606
0.0 571606
0.0 457749
0.0 457749
0.0 457749
0.0 457749
81076.00694429755 217957
11665.279418347549 217957
15930.493729589842 217957
2275.381813958257 217957
0.0 799681
0.0 799681
0.0 799681
0.0 799681
0.0 372307
0.0 372307
0.0 372307
0.0 372307
82252.60813256894 586066
12039.75071981056 586066
16038.932507309697 586066
2347.4253118218126 586066
0.0 67672
0.0 67672
0.0 67672
0.0 67672
0.0 915919
0.0 915919
0.0 915919
0.0 915919
0.0 563233
0.0 563233
0.0 563233
0.0 563233
128423.02712954412 936719
18482.474013044615 936719
25003.90786035631 936719
3613.3632836429692 936719
121772.38770859464 905426
16761.134081396776 905426
23745.324805697182 905426
3268.130348393599 905426
132512.87815288358 857775
18940.033222352562 857775
25839.72304325636 857775
3693.0182818028106 857775
0.0 174384
0.0 174384
0.0 174384
2818.236360075744 174384
0.0 855637
0.0 855637
0.0 855637
0.0 855637
131583.58579003552 634974
19066.245541610013 634974
25985.612419538753 634974
3714.6762547171174 634974
92072.17017717993 953845
13452.810945982426 953845
17953.75872075984 953845
2622.9836706763267 953845
0.0 971344
20595.646079939637 971344
29185.717589338903 971344
4015.824501104632 971344
94043.66979854894 108067
13320.030278030814 108067
18336.267141711043 108067
2594.2136046997493 108067
133916.01709422065 822798
19900.442574506727 822798
26113.308620544427 822798
3883.6930912603075 822798
88291.21964992251 395147
12534.537572213509 395147
17216.50287978264 395147
2443.9498746293834 395147
117724.75523002274 212755
17333.47525147661 212755
23007.91646116087 212755
3384.8953771752767 212755
149270.05104017342 135205
20550.379536501 135205
29107.37897401054 135205
4014.210832046003 135205
0.0 790133
0.0 790133
0.0 790133
0.0 790133
96734.83852468396 151078
13646.655304482148 151078
18819.759631892775 151078
2660.280451661763 151078
152225.91682070802 143380
21411.619553527766 143380
29681.712452144853 143380
4166.825599369138 143380
124991.18711933412 46085
17786.78065640378 46085
24365.249333510736 46085
3466.2870184027734 46085
141596.17676890185 365866
20432.300720062703 365866
27610.964162809483 365866
3984.0083332858535 365866
0.0 83170
12035.848205440952 83170
16895.386406248337 83170
2346.6548316941016 83170
109740.66535646423 383502
15773.891355785423 383502
21399.102551254164 383502
3075.5816211217907 383502
123862.3815440173 108009
17326.356623194013 108009
23767.936804195582 108009
3378.3579971028707 108009
110275.58709126823 130706
15507.053120641096 130706
21350.4018675911 130706
3016.146296407723 130706
109839.0998812425 693250
16053.848840260021 693250
21418.32477976002 693250
3130.2008267684378 693250
115001.36619509428 613629
16626.620762531154 613629
23072.05333602488 613629
3254.8081441585655 613629
117261.8555641473 91630
16981.91026497982 91630
23003.98030628246 91630
3308.223323151975 91630
91495.9224727559 434347
13075.095892938634 434347
17815.604531720073 434347
2548.5344058421665 434347
0.0 636327
19779.651989855716 636327
26703.819424207 636327
3856.770376068565 636327
0.0 918811
0.0 918811
0.0 918811
0.0 918811
90202.2828604843 303947
12573.554502689733 303947
17589.187790768177 303947
2451.5857609982363 303947
113846.2601317816 68243
15761.154390256273 68243
22199.720459382763 68243
3071.6270674441603 68243
84305.65148491508 373805
11639.28638441754 373805
16084.724473776701 373805
2259.5881181891455 373805
85137.53150754735 900438
11817.398415457366 900438
16601.5315911048 900438
2306.494496320483 900438
0.0 437029
0.0 437029
0.0 437029
0.0 437029
0.0 829801
0.0 829801
0.0 829801
0.0 829801
0.0 715801
0.0 715801
0.0 715801
0.0 715801
104410.49042007007 279405
15583.603399083899 279405
21262.401321355006 279405
3035.534294932832 279405
122320.48201278504 85264
17523.2822529022 85264
23935.285907085778 85264
3420.5897328685246 85264
122573.00466228854 217909
17806.86983592678 217909
23901.443786142616 217909
3469.8861973112093 217909
82645.95609437689 135618
11674.220632350201 135618
16115.667805599207 135618
2276.179390504004 135618
96661.33383701353 889110
13358.157413719315 889110
18848.677363759016 889110
2604.5579612166434 889110
98210.42139432112 490622
14324.467597994078 490622
19647.492350966193 490622
2805.1448171437437 490622
88476.3460103585 800908
12645.193398250509 800908
17340.871439233284 800908
2467.370950753112 800908
137094.48289375124 803175
19982.232053592757 803175
26731.207682035638 803175
3892.5554008414124 803175
123428.51818540502 783096
17720.455237015864 783096
24687.329464622344 783096
3454.1746882623393 783096
140091.79494935778 185894
20045.36287671962 185894
27315.610845069463 185894
3910.880669774602 185894
143785.35540353516 345538
20479.593709079534 345538
28037.85141945154 345538
3997.9088058419024 345538
142053.0003408715 697000
20273.23044282818 697000
27687.385701722164 697000
3951.4630692303563 697000
0.0 706984
0.0 706984
0.0 706984
0.0 706984
0.0 217143
0.0 217143
0.0 217143
0.0 217143
0.0 577703
20329.78118003026 577703
28408.214631620987 577703
3964.0196441554917 577703
106048.32411592067 518875
14856.866854773478 518875
20373.40744626632 518875
2897.1796796966864 518875
156201.7157874956 653268
21756.24702597973 653268
30459.062953153454 653268
4234.603319301003 653268
87602.84961059639 358970
12335.33746960272 358970
17082.27264013988 358970
2405.1077726461117 358970
0.0 600272
0.0 600272
0.0 600272
0.0 600272
0.0 299742
0.0 299742
0.0 299742
0.0 299742
0.0 589657
0.0 589657
0.0 589657
0.0 589657
93310.81530038039 902667
13571.562799243502 902667
18195.32327599413 902667
2646.169038272437 902667
94692.01573047304 733084
13413.758093387123 733084
18464.648027175743 733084
2615.3877879439915 733084
122947.41973597607 227017
17442.385451805276 227017
23974.433591599172 227017
3401.265724349416 227017
83182.94351737597 850042
12058.661280327551 850042
16220.3861459576 850042
2352.7303661570068 850042
122882.7548460007 515443
16970.725286092318 515443
23551.14235424949 515443
3303.2608912632472 515443
98008.92549362252 198246
13666.49835319228 198246
19111.448695246658 198246
2664.6754028627615 198246
0.0 638972
0.0 638972
0.0 638972
2669.5478807078066 638972
102295.89139326251 581893
14120.899196176004 581893
19750.027693743214 581893
2752.5890921357445 581893
84200.04617920652 124601
12265.723737534387 124601
16418.720013237635 124601
2391.5271371115696 124601
87682.7505512452 331120
12069.166564862096 331120
17089.283706207607 331120
2350.28982863044 331120
93425.7814121993 469858
13294.117816881615 469858
18217.749525087605 469858
2592.0751240006553 469858
0.0 615207
0.0 615207
0.0 615207
2743.7334134699104 615207
0.0 141050
0.0 141050
0.0 141050
0.0 141050
117029.93804848018 785077
16679.647522906947 785077
22818.49392191342 785077
3252.820946154316 785077
0.0 20016
0.0 20016
0.0 20016
0.0 20016
0.0 365474
0.0 365474
0.0 365474
0.0 365474
128914.45190882428 924065
18960.61728814587 924065
25138.02834738633 924065
3697.0305963540372 924065
0.0 96220
0.0 96220
0.0 96220
0.0 96220
0.0 115890
0.0 115890
0.0 115890
0.0 115890
0.0 785116
0.0 785116
0.0 785116
0.0 785116
80356.94239478592 39286
11440.636192853644 39286
15669.313799503565 39286
2230.634090126775 39286
105444.9027589078 395975
15404.780700662894 395975
20561.445590510517 395975
3003.621789152757 395975
118189.1984748389 74823
16970.70383216471 74823
22557.179872318266 74823
3298.935628256072 74823
0.0 464142
0.0 464142
0.0 464142
0.0 464142
0.0 308476
0.0 308476
0.0 308476
0.0 308476
120181.80131741708 787062
17893.666038470234 787062
23711.6853646418 787062
3486.0169828553408 787062
145583.51382608293 338866
21285.547993203043 338866
28615.67663864974 338866
4150.393806031592 338866
132122.07514182793 810873
19492.25413807513 810873
25763.496355352385 810873
3800.6812596205928 810873
112138.95354757278 231183
15834.539730003533 231183
21864.826274831736 231183
3084.57069811712 231183
126289.61755470105 16150
17772.910775323635 16150
24462.267646176973 16150
3465.4211470547666 16150
95319.96481882283 115415
13519.709737659807 115415
18313.460959672742 115415
2634.401575878564 115415
114497.85477170082 449142
16385.352084797363 449142
22806.248265692866 449142
3194.845767276499 449142
0.0 541462
0.0 541462
0.0 541462
0.0 541462
80728.8541937829 114238
11643.75163003907 114238
15737.428028599195 114238
2269.7480287335193 114238
131728.09869697003 702837
18941.19795628266 702837
25532.89490898432 702837
3690.5299081311764 702837
99023.08405642491 634219
14711.166765183485 634219
20028.133224648558 634219
2883.354038637528 634219
121790.62394739152 629190
17720.510414898403 629190
23741.15960683839 629190
3453.436415299978 629190
98269.86473589229 321030
14509.814885936943 321030
19162.350430606333 321030
2829.140709865038 321030
0.0 54329
0.0 54329
0.0 54329
2805.6294717567926 54329
93018.83998830315 658876
13658.01685426365 658876
18138.364354444773 658876
2663.003843307071 658876
117446.0382332161 967591
16126.850648426229 967591
22125.755674778193 967591
3144.432769741251 967591
85186.91277809019 504623
12438.435784519896 504623
16892.057931592306 504623
2416.7484724530564 504623
92454.7543821915 614945
13274.361665481498 614945
18028.39460664323 614945
2588.2180268847765 614945
85324.72095013675 665802
11769.009359219686 665802
16137.034978286385 665802
2294.582331251425 665802
103158.00073581532 437262
14809.073325877836 437262
20079.455271033687 437262
2884.5521099233097 437262
122595.8597747374 838537
17347.720363730437 838537
23898.924977731323 838537
3382.0473499057953 838537
0.0 212044
0.0 212044
0.0 212044
4051.9848237113415 212044
0.0 642414
0.0 642414
0.0 642414
0.0 642414
128146.35751209168 441045
18573.56892726275 441045
24988.260417682137 441045
3621.5666436404927 441045
98008.7715929021 556536
14040.940218063624 556536
19111.418674139135 556536
2743.919859257845 556536
102259.97222334796 589930
14965.838301868704 589930
20649.00380633094 589930
2912.3257131651008 589930
0.0 330049
0.0 330049
0.0 330049
0.0 330049
0.0 307462
0.0 307462
0.0 307462
0.0 307462
157956.00737609583 856274
21696.146753380453 856274
30801.129362162716 856274
4230.888473432686 856274
116224.51569694046 990528
16904.114167812295 990528
23311.680639363727 990528
3296.023079295812 990528
98601.78150005577 672442
13976.993425986462 672442
19218.213936183478 672442
2724.2102614824694 672442
115036.39171939009 647615
16534.214018932897 647615
22431.80635464263 647615
3220.6889194661985 647615
103761.05514388673 536273
14997.038251175796 536273
20233.147249696667 536273
2924.163955618029 536273
100982.75086695576 270979
14100.349123942971 270979
19354.738838728943 270979
2744.6966193587627 270979
76492.57894557412 595527
11094.01527660875 595527
14907.520013428259 595527
2162.97015941417 595527
155571.23584175762 764849
21570.466702504084 764849
30334.17115985859 764849
4205.316556901904 764849
93243.365958199 166899
13101.694984563475 166899
18050.76323681872 166899
2553.927981764309 166899
130871.0268700823 833337
18548.993504228998 833337
25517.580065090922 833337
3613.880123188359 833337
0.0 371782
0.0 371782
0.0 371782
0.0 371782
0.0 277162
0.0 277162
0.0 277162
0.0 277162
109162.44696026086 815544
16039.208222845351 815544
21286.384414344513 815544
3127.352860548485 815544
93816.77054418752 906053
13209.027607596994 906053
18293.96012933065 906053
2575.4502566955002 906053
106211.65916729165 441601
15421.024988545287 441601
20812.753636639758 441601
3014.821793201928 441601
126258.07509477556 404889
18008.52557467126 404889
24778.479332717045 404889
3508.185962566387 404889
0.0 871468
0.0 871468
0.0 871468
0.0 871468
0.0 484543
0.0 484543
0.0 484543
0.0 484543
0.0 284546
0.0 284546
0.0 284546
0.0 284546
0.0 343332
0.0 343332
0.0 343332
0.0 343332
0.0 638091
0.0 638091
19920.85500620487 638091
2935.775791887207 638091
80784.09477461112 182112
11541.721220163721 182112
15752.625139837211 182112
2250.362296719969 182112
135279.1116807437 875745
19652.471334937603 875745
26379.116161261907 875745
3833.077651704283 875745
121543.0942566808 425341
17692.601085332255 425341
23700.599769318673 425341
3449.7536009057067 425341
103205.606545837 672719
14892.097907849933 672719
20390.20089945129 672719
2911.54963182896 672719
102051.03398354199 20038
14215.19791753917 20038
19899.66420522862 20038
2771.6761723580676 20038
88214.11746563771 598148
12456.01790578592 598148
17199.457135871715 598148
2425.6100602868682 598148
88950.42124606883 848318
12643.341517306315 848318
17345.037290735087 848318
2465.156743626395 848318
110531.14229561262 885988
16069.614469973505 885988
21424.102581183386 885988
3130.388665034364 885988
0.0 172911
17731.243259933275 172911
24982.86597580442 172911
3457.2996401082687 172911
0.0 856550
0.0 856550
0.0 856550
3342.4466390927655 856550
0.0 646589
0.0 646589
0.0 646589
2452.1121301385374 646589
0.0 920965
0.0 920965
0.0 920965
3045.7718082133365 920965
0.0 931216
0.0 931216
0.0 931216
0.0 931216
104070.14593902322 244624
14911.355228268665 244624
20293.37366905789 244624
2907.4094804607507 244624
0.0 380601
0.0 380601
0.0 380601
0.0 380601
117684.38164208159 556420
16681.50352989326 556420
22948.16153223701 556420
3252.600300360287 556420
138669.3240108274 595907
19628.39102389609 595907
27040.234754717636 595907
3827.2528222660317 595907
87403.77424743329 200968
12423.327676826153 200968
17043.45833053934 200968
2428.481841229766 200968
0.0 100958
0.0 100958
0.0 100958
0.0 100958
0.0 269133
0.0 269133
0.0 269133
0.0 269133
75421.7934973836 316599
10966.74351909752 316599
14706.949602966102 316599
2138.214857200317 316599
133707.40918117773 570498
19061.150106639572 570498
26072.64472826189 570498
3716.6242087269493 570498
84459.59320152857 478940
12082.656484194165 478940
16460.755450743472 478940
2355.8364628030376 478940
129583.12361904712 536387
18604.626849943 536387
25607.23992904381 536387
3634.352918938882 536387
103645.91721103799 276533
14621.548068733622 276533
20210.664170977496 276533
2850.912188228141 276533
145617.29572329432 667100
20889.63654910213 667100
28684.77339997579 667100
4082.5958676254268 667100
121700.23967358128 123021
17230.3044249242 123021
23731.237172450416 123021
3359.5997989622833 123021
0.0 87336
0.0 87336
0.0 87336
0.0 87336
129960.0150721465 939771
18797.779831381125 939771
25341.887295551267 939771
3667.923784367378 939771
95163.5891333524 689030
13762.514013156559 689030
18944.665523073665 689030
2684.0864324470417 689030
0.0 199129
17833.347466627634 199129
25058.636449654743 199129
3477.1920304071973 199129
134875.16898830485 727197
19178.3785100204 727197
26300.35671454064 727197
3739.4825712751776 727197
74753.49225269897 409913
10860.313951219985 409913
14576.63189582552 409913
2117.4621270371176 409913
116565.2786702284 672987
17004.960120475967 672987
23191.707499959604 672987
3309.8783175140684 672987
129086.67705251242 573655
18450.58298345835 573655
25092.299167023277 573655
3588.663415270204 573655
96044.77433173575 460261
13913.840141755523 460261
18702.611864541734 460261
2712.452105966048 460261
117064.90597222699 816109
17226.40556375556 816109
22827.377897668073 816109
3358.870318016142 816109
0.0 334699
0.0 334699
0.0 334699
0.0 334699
77591.20848845736 141529
11475.962547875039 141529
15130.010174146295 141529
2237.5372157327415 141529
134775.69606673645 93655
19456.51243903261 93655
26280.92844586185 93655
3793.6876384595994 93655
119597.65712186317 702653
16720.002627493424 702653
23321.220936714042 702653
3262.3511104754957 702653
0.0 320051
0.0 320051
0.0 320051
0.0 320051
0.0 966252
0.0 966252
0.0 966252
0.0 966252
119080.80639873623 18352
17283.46720028643 18352
23218.452429809717 18352
3369.2762861334577 18352
116185.51786687698 390048
16082.751585313079 390048
22594.33654238273 390048
3135.836537605115 390048
80290.74826917482 955240
11252.793201249871 955240
15656.416494017501 955240
2194.015255772136 955240
78881.13903260077 948251
11318.117249831992 948251
15381.520981815167 948251
2212.888771591492 948251
115876.52712854717 288592
16457.155087658473 288592
22217.753664080912 288592
3201.2253507386536 288592
91642.74324897327 470703
13350.477519458276 470703
18002.615812864628 470703
2609.5200725789655 470703
79468.77179927721 665257
11248.900148920642 665257
15279.375684450086 665257
2185.9210363094394 665257
75062.52571944469 438907
10969.326175942006 438907
14639.332540075453 438907
2138.2874231509963 438907
130319.4891986633 794032
19023.41915353237 794032
25536.976369272037 794032
3718.1411055712542 794032
113431.56527887398 803464
15751.649706255033 803464
22110.30934004178 803464
3073.309294038998 803464
0.0 25141
0.0 25141
0.0 25141
0.0 25141
0.0 319365
0.0 319365
0.0 319365
0.0 319365
87780.3686385414 675498
12805.846372323631 675498
17116.84868076475 675498
2496.816838852284 675498
0.0 976109
19787.048263700326 976109
26774.334561331696 976109
3858.1973600606125 976109
104123.30024091042 845942
14537.976545384543 845942
19859.414743700003 845942
2830.881887329579 845942
136222.71406373297 231691
19271.101028109446 231691
26596.374198503258 231691
3763.3436796108335 231691
0.0 466852
0.0 466852
0.0 466852
0.0 466852
0.0 645130
0.0 645130
0.0 645130
0.0 645130
0.0 796136
0.0 796136
0.0 796136
0.0 796136
0.0 2304
0.0 2304
0.0 2304
0.0 2304
0.0 180490
0.0 180490
0.0 180490
4178.521774405224 180490
77231.02651105802 702051
10911.602807738669 702051
15013.05557431967 702051
2126.6067847116415 702051
114860.93692602584 94966
16131.133779353226 94966
21910.795470494377 94966
3143.9410055419667 94966
112908.45538420399 931612
15836.752733707768 931612
22016.863989489284 931612
3087.8819726425195 931612
95060.96393112939 230507
13605.767281420558 230507
18866.662638894933 230507
2661.9479891177743 230507
133292.06217070064 753811
19701.696835658247 753811
25991.671146845107 753811
3841.5499065118397 753811
135169.11049967533 459126
18996.284123616842 459126
26357.708249034044 459126
3702.623820458703 459126
139270.29145331 57849
20015.09744917575 57849
27157.37284379883 57849
3902.610012992648 57849
113672.24748896429 125525
16584.573320760403 125525
22783.72632952647 125525
3230.7158086673194 125525
79932.38391086097 332304
10964.275151128368 332304
15586.487983149978 332304
2137.7067750021242 332304
0.0 669509
0.0 669509
0.0 669509
3052.2474764989065 669509
0.0 175089
0.0 175089
0.0 175089
0.0 175089
0.0 100832
0.0 100832
0.0 100832
0.0 100832
0.0 115338
0.0 115338
0.0 115338
0.0 115338
85454.4083011761 841308
12305.921142941243 841308
16661.346468321553 841308
2398.6964724711215 841308
0.0 234111
0.0 234111
0.0 234111
0.0 234111
100085.94891787684 152693
14269.388818629619 152693
19516.49602426911 152693
2782.266804915897 152693
107545.21160591579 439972
15542.041794069593 439972
20970.997583950088 439972
3030.379470640081 439972
84960.74499110342 749675
12374.358377263661 749675
16630.406741505398 749675
2413.97797399454 749675
0.0 290538
144047.7358590857 290538
93529.16259052145 290538
93529.16259052145 290538
93529.16259052145 290538
0.0 290538
0.0 290538
0.0 290538
0.0 290538
0.0 290538
0.0 290538
0.0 290538
0.0 290538
0.0 290538
0.0 290538
0.0 290538
0.0 290538
0.0 290538
0.0 290538
0.0 290538
0.0 290538
0.0 290538
0.0 290538
0.0 290538
0.0 290538
0.0 290538
0.0 290538
0.0 290538
0.0 290538
0.0 290538
0.0 290538
0.0 290538
3638.0801595052085 290538
3638.0801595052085 290538
3638.0801595052085 290538
3638.0801595052085 290538
3638.0801595052085 290538
3461.743896484375 290538
18237.837175026336 290538
18237.837175026336 290538
18237.837175026336 290538
3461.743896484375 290538
3461.743896484375 290538
3461.743896484375 290538
3638.0801595052085 290538
3638.0801595052085 290538
3638.0801595052085 290538
3638.0801595052085 290538
3638.0801595052085 290538
3638.0801595052085 290538
3638.0801595052085 290538
3638.0801595052085 290538
3638.0801595052085 290538
3638.0801595052085 290538
0.0 290538
3638.0801595052085 290538
3638.0801595052085 290538
0.0 290538
0.0 290538
0.0 290538
0.0 290538
0.0 290538
3726.413427734375 290538
3726.413427734375 290538
3726.413427734375 290538
2993.4622802734375 290538
2993.4622802734375 290538
2993.4622802734375 290538
0.0 290538
59482.28640927922 290538
3726.413427734375 290538
3726.413427734375 290538
3887.57197265625 290538
3161.4949951171875 290538
3887.57197265625 290538
3437.9142252604165 290538
3437.9142252604165 290538
3437.9142252604165 290538
3161.4949951171875 290538
3887.57197265625 290538
3493.4720703125 290538
3493.4720703125 290538
3493.4720703125 290538
3493.4720703125 290538
3181.05517578125 290538
2989.03662109375 290538
2989.03662109375 290538
0.0 290538
93528.94145597803 290538
57939.789555592 290538
59479.38328223885 290538
59479.38328223885 290538
100535.52610900422 290538
19604.108365659653 290538
2989.03662109375 290538
2989.03662109375 290538
19691.850035977768 290538
60593.84209028327 290538
100985.44187613041 290538
99846.04457637605 290538
2989.03662109375 290538
60593.903996758396 290538
99846.04457637605 290538
99846.04457637605 290538
59472.90018998484 290538
19469.66627350058 290538
2989.03662109375 290538
2989.03662109375 290538
2989.03662109375 290538
2989.03662109375 290538
3726.413427734375 290538
2989.03662109375 290538
2989.03662109375 290538
2989.03662109375 290538
2989.03662109375 290538
2989.03662109375 290538
2989.03662109375 290538
2992.5771484375 290538
2991.2494506835938 290538
2991.2494506835938 290538
2991.2494506835938 290538
3091.2494506835938 290538
4373.98193359375 290538
3091.6797485351562 290538
2991.2494506835938 290538
2991.6784057617188 290538
3193.9517578125 290538
3196.3857421875 290538
3197.411669921875 290538
3196.928564453125 290538
3195.196533203125 290538
3196.893896484375 290538
2991.94775390625 290538
2994.5264892578125 290538
3194.291259765625 290538
3195.939794921875 290538
3195.78876953125 290538
2994.92041015625 290538
2993.607177734375 290538
2996.9040876116073 290538
2994.638671875 290538
3196.091259765625 290538
3195.589599609375 290538
3196.709814453125 290538
3196.9169921875 290538
2995.867431640625 290538
2995.0 290538
2992.8043212890625 290538
3193.30048828125 290538
2997.603445870536 290538
2996.1155831473216 290538
2994.065771484375 290538
2993.2478515625 290538
2994.08310546875 290538
19469.66627350058 290538
2994.3557942708335 290538
2996.4346516927085 290538
2995.54296875 290538
2994.1187337239585 290538
2995.4785970052085 290538
2993.8236490885415 290538
2994.437744140625 290538
2997.3944091796875 290538
2998.568115234375 290538
3195.913330078125 290538
3197.514453125 290538
2997.3896135602677 290538
2991.71630859375 290538
2993.8379720052085 290538
2995.2205403645835 290538
2995.4048828125 290538
2991.8526204427085 290538
2995.0875651041665 290538
2995.3634207589284 290538
2996.0347028459823 290538
2994.6655622209823 290538
2997.62353515625 290538
2997.1482282366073 290538
2996.639718191964 290538
2992.300048828125 290538
2996.4215494791665 290538
2992.1964518229165 290538
2995.8416748046875 290538
3196.050537109375 290538
2997.5695452008927 290538
2995.5301920572915 290538
2993.497802734375 290538
2993.04541015625 290538
2994.6409912109375 290538
2991.799560546875 290538
2992.4654541015625 290538
3198.44365234375 290538
2996.1978759765625 290538
2993.6353759765625 290538
2995.0152587890625 290538
3196.1498046875 290538
3195.22451171875 290538
3193.68515625 290538
3194.352880859375 290538
3196.496923828125 290538
3197.131689453125 290538
3194.7748046875 290538
3195.764990234375 290538
2992.0379638671875 290538
3162.6529134114585 290538
2997.2706298828125 290538
2996.0247802734375 290538
2990.75341796875 290538
2995.0638427734375 290538
3194.89619140625 290538
3000.3078125 290538
2993.5328369140625 290538
2990.794921875 290538
2990.1829833984375 290538
2998.825390625 290538
2991.660400390625 290538
2996.494873046875 290538
2993.88818359375 290538
2996.669189453125 290538
2993.0360107421875 290538
2994.02587890625 290538
2994.0467529296875 290538
2995.8382568359375 290538
2992.3243408203125 290538
2992.68896484375 290538
2992.2593994140625 290538
2992.679931640625 290538
2990.8935546875 290538
2993.8944091796875 290538
2991.78173828125 290538
2993.61572265625 290538
2994.056640625 290538
2995.800048828125 290538
2990.3817138671875 290538
2993.063720703125 290538
2994.2064208984375 290538
2991.97109375 290538
2992.8965657552085 290538
2990.0624186197915 290538
2996.173974609375 290538
3196.13544921875 290538
3197.1376953125 290538
2995.5958140980115 290538
99128.82784308032 290538
59479.86592779458 290538
19604.108365659653 290538
2994.1419270833335 290538
101846.34680732108 290538
61110.492183807895 290538
19691.859321949036 290538
2995.5447591145835 290538
99448.81653228847 290538
59671.809799886 290538
19469.66627350058 290538
2993.607470703125 290538
98563.33045457624 290538
59147.622490211455 290538
19401.24870387895 290538
2996.015469637784 290538
100985.50378260552 290538
100535.52610900422 290538
59479.46582420568 290538
59479.46582420568 290538
100535.52610900422 290538
59479.46582420568 290538
19604.108365659653 290538
2998.06982421875 290538
100985.50378260552 290538
60593.903996758396 290538
19691.859321949036 290538
2994.0426432291665 290538
99846.04457637605 290538
59472.90018998484 290538
19469.66627350058 290538
2995.350830078125 290538
100439.43934949113 290538
59414.08853759545 290538
19401.24870387895 290538
2995.451993075284 290538
2994.3454241071427 290538
2994.8214518229165 290538
2995.252024931066 290538
18587.784974064165 290538
2708.690205290877 290538
2994.1404418945312 290538
2996.6142578125 290538
19215.608786186647 909538
2721.4595875548603 909538
2956.41806640625 909538
2957.09248046875 909538
18479.947884634694 310420
2706.4158527210393 310420
4503.8505859375 310420
4503.45166015625 310420
0.0 793815
0.0 793815
4662.12255859375 793815
4654.794921875 793815
0.0 299994
0.0 299994
3891.6417236328125 299994
3890.2030029296875 299994
19628.226938241067 201337
2732.103378775792 201337
3719.553955078125 201337
3720.661181640625 201337
19198.838910441114 768912
2720.9197061143004 768912
4517.383928571428 768912
4518.707938058035 768912
18995.623849568394 768794
2722.4977313876475 768794
3053.02880859375 768794
3053.7081473214284 768794
0.0 148536
2719.202365257172 148536
3030.355224609375 148536
3030.737548828125 148536
0.0 890885
2728.6084404253575 890885
4109.946126302083 890885
4108.837239583333 890885
19104.081170205143 852888
2718.8217831342354 852888
4702.440359933035 852888
4701.521065848215 852888
19392.582657224746 365080
2724.5399475039603 365080
3768.41728515625 365080
3769.502783203125 365080
19413.913767225302 233377
2730.666773638144 233377
4664.41357421875 233377
4664.4236328125 233377
19143.250961343456 225574
2725.3001165125656 225574
4608.11240234375 225574
4609.1818359375 225574
18988.009895335526 828104
2717.636968667399 828104
4672.4646484375 828104
4671.23984375 828104
18966.468248205667 676239
2718.1299399491213 676239
2941.434256417411 676239
2940.611990792411 676239
18904.49679805703 522308
2716.0712719425164 522308
3791.869315011161 522308
3792.1060616629466 522308
18715.48111239378 66444
2717.9318082558148 66444
4173.57470703125 66444
4173.6505859375 66444
19561.981079284997 611580
2728.4091731793164 611580
3132.17724609375 611580
3128.661865234375 611580
19307.423485839292 729303
2721.82814637551 729303
3223.3913777669272 729303
3224.2655639648438 729303
19467.48869463386 199643
2728.6026685940665 199643
4548.5111083984375 199643
4550.4345703125 199643
18785.34601830185 117189
2723.247415272026 117189
4001.490478515625 117189
4000.5987374441966 117189
19062.592670417198 899336
2718.4855893460767 899336
3489.679373604911 899336
3490.654610770089 899336
19128.512712443862 361201
2712.0029494538057 361201
3813.053564453125 361201
3810.43330078125 361201
18817.650560035807 394590
2714.6198809871466 394590
4528.9376953125 394590
4529.225 394590
18899.836549258445 899195
2715.7067983469174 899195
2830.584228515625 899195
2829.2158203125 899195
18950.53587937969 500091
2721.776197360516 500091
3241.477569580078 500091
3241.8074951171875 500091
19033.055115002542 631323
2710.102630382751 631323
4621.879720052083 631323
4623.514973958333 631323
18938.750144265505 285948
2716.0172555911377 285948
3138.352783203125 285948
3140.8916015625 285948
18822.401624530707 4096
2713.8025594820297 4096
4307.290666852678 4096
4308.341099330357 4096
19057.75918980731 995694
2719.238574939648 995694
3708.3812430245534 995694
3706.9051339285716 995694
19162.77748905315 589703
2724.228796471559 589703
3237.707080078125 589703
3238.185009765625 589703
0.0 5962
0.0 5962
4780.0537109375 5962
4779.931640625 5962
18965.854050755584 830047
2717.66848934299 830047
2878.966134207589 830047
2880.7222028459823 830047
19322.3287928326 319530
2727.630490661512 319530
3000.7620713975693 319530
2999.4190266927085 319530
18607.533947554984 557745
2707.656870051079 557745
4688.153759765625 557745
4690.8541015625 557745
19129.261135814784 652202
2719.795724660777 652202
2808.00390625 652202
2807.994873046875 652202
18672.152908333166 553793
2710.3326217993813 553793
3565.072713216146 553793
3568.0777180989585 553793
18754.817194237912 884108
2712.225485315444 884108
4458.869873046875 884108
4458.87646484375 884108
18410.932849301647 898233
2704.9198947217924 898233
3630.9378255208335 898233
3630.2791341145835 898233
19183.177005859332 996114
2723.630006486898 996114
3157.0126139322915 996114
3155.5184733072915 996114
19435.082193115173 497459
2725.8242453953258 497459
3039.556591796875 497459
3041.801611328125 497459
18856.902892855356 146660
2716.3033572581985 146660
3909.404296875 146660
3909.5072428385415 146660
19336.281968863223 49340
2724.6767801783894 49340
3375.1612374441966 49340
3372.0530133928573 49340
19121.400600659163 6275
2719.4742350267534 6275
4220.02509765625 6275
4219.39228515625 6275
18689.918722519957 168584
2712.4274029394387 168584
3630.5606689453125 168584
3627.594197591146 168584
19381.128058087117 431307
2726.791333914721 431307
3131.6638793945312 431307
3131.043986002604 431307
18986.91341045616 327829
2719.316068966322 327829
3741.441583806818 327829
3742.2410999644885 327829
19034.47561804382 486411
2719.6882599834444 486411
3970.4775041852677 486411
3971.027413504464 486411
18693.25993474025 85471
2716.7850265395778 85471
4450.97412109375 85471
4448.860568576389 85471
18930.16943124373 789034
2719.805246854719 789034
3035.8554243607955 789034
3034.719904119318 789034
18767.37905108675 886174
2714.4075088199675 886174
4296.900479403409 886174
4299.716796875 886174
0.0 968871
0.0 968871
4532.16748046875 968871
4531.40771484375 968871
0.0 888121
0.0 888121
3444.33544921875 888121
3447.830078125 888121
19686.355493236282 302512
2730.753070029912 302512
3810.3961588541665 302512
3812.2403971354165 302512
18984.932234689117 254922
2717.098211742193 254922
4669.528971354167 254922
4668.156629774306 254922
18552.547149797527 602451
2712.60760171475 602451
3611.097119140625 602451
3611.3876953125 602451
18740.328781842432 86904
2711.958111613894 86904
3860.1055501302085 86904
3863.426513671875 86904
19695.36001321092 969585
2730.955199793833 969585
4074.8399251302085 969585
4072.973388671875 969585
0.0 930192
0.0 930192
3461.4415690104165 930192
3458.0313313802085 930192
0.0 139635
2717.21337944574 139635
3451.075439453125 139635
3447.835693359375 139635
19175.12117289398 472927
2721.4868735327573 472927
4114.039453125 472927
4114.27861328125 472927
19256.066116424252 141124
2718.3025192416135 141124
4605.40810546875 141124
4605.46943359375 141124
19093.038980493 850105
2720.434887778519 850105
4013.5206705729165 850105
4012.058308919271 850105
19148.45191912935 71061
2724.60811651035 71061
3736.689982096354 71061
3734.5115559895835 71061
19199.002580678036 708653
2723.0812919424957 708653
3159.5829729352677 708653
3159.306466238839 708653
19300.74926298377 377443
2719.694527680596 377443
4340.6142578125 377443
4339.885437011719 377443
0.0 170019
2711.025711894775 170019
4765.97705078125 170019
4758.212890625 170019
18902.207779767832 781763
2714.786115358891 781763
2981.8839111328125 781763
2979.2715454101562 781763
19274.26277698363 386778
2722.6816084101215 386778
2817.6226196289062 386778
2816.8527221679688 386778
19543.580831539268 838841
2727.8044009215523 838841
3919.252294921875 838841
3918.82587890625 838841
18983.223600150675 607262
2716.4626914332403 607262
3912.7532348632812 607262
3911.3964233398438 607262
18461.7085149094 186636
2705.889809088685 186636
3478.3076782226562 186636
3484.235107421875 186636
18939.778425736255 680028
2715.9852949273054 680028
3995.347412109375 680028
3994.66064453125 680028
19178.711678919706 23352
2722.7214983629337 23352
4774.18486328125 23352
4774.803857421875 23352
19265.352384075515 478953
2724.881951382633 478953
3958.527384440104 478953
3958.136433919271 478953
18938.462449110826 410940
2716.0698259493442 410940
4366.8917236328125 410940
4366.3397216796875 410940
19010.733068954003 457000
2717.1072255553463 457000
3699.3712890625 457000
3695.710693359375 457000
18609.106744623055 102207
2722.518717721103 102207
3460.1444091796875 102207
3459.0325927734375 102207
0.0 592288
0.0 592288
3590.147705078125 592288
3597.005859375 592288
0.0 783673
0.0 783673
4263.662109375 783673
4268.045654296875 783673
18825.188498338834 766519
2714.379274773939 766519
4607.711083984375 766519
4606.66240234375 766519
18968.4591174943 685743
2719.781776667803 685743
4744.289620535715 685743
4741.8642578125 685743
18840.506660923296 820085
2721.131993311081 820085
3031.7427106584823 820085
3030.843505859375 820085
0.0 810388
0.0 810388
3562.3961181640625 810388
3565.0489501953125 810388
0.0 444326
2709.675064148055 444326
3397.25439453125 444326
3394.4251302083335 444326
19342.45541479283 710863
2726.0793438014025 710863
2875.465616861979 710863
2874.988728841146 710863
19451.086630747704 524414
2728.4557236563246 524414
3863.28505859375 524414
3865.53330078125 524414
19177.61728548325 178585
2718.319361535024 178585
4338.13896484375 178585
4339.2529296875 178585
19056.185616262956 409993
2717.3365423249247 409993
3439.92978515625 409993
3440.616845703125 409993
19139.164169865773 267901
2719.7665360358687 267901
3021.6514718191966 267901
3021.8617815290177 267901
18734.56086502961 178077
2714.431950571357 178077
3887.2065080915177 178077
3883.7988630022323 178077
18341.44137681953 606969
2710.297809031182 606969
18279.053410522956 266023
2701.9855089544053 266023
3228.3656412760415 266023
3230.4033203125 266023
19663.90492921674 742696
2731.062133052885 742696
4484.338134765625 742696
4483.322916666667 742696
19127.37553753856 202338
2721.7381875596393 202338
3486.1338907877603 202338
3485.2478637695312 202338
18767.69578365124 551856
2707.934087652064 551856
3577.62861328125 551856
3578.42412109375 551856
19329.083995194916 167231
2722.526332594459 167231
3469.075613839286 167231
3470.7922712053573 167231
19425.106955437706 633980
2726.061074367785 633980
3935.982979910714 633980
3938.1240583147323 633980
19830.48138622994 236431
2719.0319233052437 236431
3600.837353515625 236431
3600.41220703125 236431
18760.71371738075 183083
2713.328792738499 183083
4261.81630859375 183083
4261.60986328125 183083
19110.18641848949 167044
2720.2805348179577 167044
4269.339192708333 167044
4270.820393880208 167044
18569.707540739524 711361
2712.6589132977365 711361
4296.9913330078125 711361
4300.124816894531 711361
18835.232912389125 774777
2709.139531379322 774777
3012.1953938802085 774777
3011.3929036458335 774777
19507.866606983174 101751
2727.3026294083506 101751
3570.5126953125 101751
3574.6100260416665 101751
19426.05563733445 471745
2726.0209145154295 471745
3240.8592703683034 471745
3242.5426897321427 471745
18869.8587165072 962561
2713.5390850053436 962561
3003.11181640625 962561
3005.378348214286 962561
18571.76390147308 721789
2709.3398178568673 721789
3082.4435546875 721789
3083.699267578125 721789
19097.80443495874 468238
2719.2962457703943 468238
3546.17431640625 468238
3547.9313151041665 468238
18882.00203942325 51584
2716.014212535776 51584
3747.692840576172 51584
3748.4744567871094 51584
18942.778301764374 539053
2717.575153828667 539053
3801.9954427083335 539053
3804.5423177083335 539053
18576.148776943664 824392
2712.7432580192744 824392
4321.414794921875 824392
4321.29169921875 824392
18857.13660194444 943808
2714.336363527027 943808
3880.5682373046875 943808
3881.290771484375 943808
18275.92880423222 360657
2702.0168559708072 360657
4295.51611328125 360657
4291.739908854167 360657
19147.94102304222 43462
2720.625921599254 43462
4591.548258463542 43462
4588.967854817708 43462
18940.206735280473 282109
2719.7256565131006 282109
3551.288232421875 282109
3551.89541015625 282109
19040.1099521068 943802
2720.103767111399 943802
4161.552408854167 943802
4162.494466145833 943802
19081.487283312446 506506
2717.544104732458 506506
2900.339773995536 506506
2900.099051339286 506506
19075.24198299976 14373
2724.246344698091 14373
3128.827107747396 14373
3127.726277669271 14373
18948.357083010058 906566
2717.9279994271114 906566
4549.382893880208 906566
4551.0185546875 906566
18714.79762335777 257196
2711.1756006894952 257196
3410.9033406575522 257196
3411.8865966796875 257196
18951.736469746214 836491
2717.177950934886 836491
4488.143421519886 836491
4487.587446732955 836491
18989.339428853098 224197
2716.4333591255945 224197
3322.34130859375 224197
3324.248809814453 224197
18991.41300141013 940687
2716.2819369680474 940687
2807.4354654947915 940687
2806.8006184895835 940687
0.0 19340
0.0 19340
4580.66064453125 19340
4580.97216796875 19340
0.0 594793
0.0 594793
3224.6396484375 594793
3223.10009765625 594793
19056.1876234822 839115
2718.3738086067965 839115
3442.3602701822915 839115
3442.498046875 839115
18305.042685021443 613522
2702.5270512092075 613522
3411.1420084635415 613522
3407.0436197916665 613522
19015.10595385723 64776
2721.9624928394164 64776
4275.473687065973 64776
4275.097547743056 64776
19036.075195586047 572741
2717.904046685437 572741
3452.2271484375 572741
3453.593408203125 572741
0.0 957401
2729.7837046632253 957401
2826.3225911458335 957401
2824.9771321614585 957401
0.0 579560
2708.1225107017676 579560
4413.5390625 579560
4414.8935546875 579560
0.0 339615
2716.860660943482 339615
3130.347900390625 339615
3133.640380859375 339615
0.0 555208
2700.9831795219948 555208
4074.923828125 555208
4072.520263671875 555208
18313.75388320327 571606
2703.8989420928892 571606
4534.52998046875 571606
4534.3189453125 571606
18851.61537598231 457749
2718.397769484889 457749
3344.824072265625 457749
3343.43759765625 457749
19708.50859919429 217957
2732.318472733028 217957
4518.559407552083 217957
4517.648356119792 217957
19477.10058039192 799681
2727.473704987508 799681
2974.7744140625 799681
2973.2479654947915 799681
18733.331874564927 372307
2713.6744060533842 372307
2810.7349679129466 372307
2811.653390066964 372307
19270.809729655357 586066
2718.43265327445 586066
3649.3348999023438 586066
3649.0404052734375 586066
19454.305722010522 67672
2727.4583225189026 67672
3923.2398681640625 67672
3922.4154663085938 67672
18904.77553637227 915919
2715.0873591366676 915919
2999.4793701171875 915919
2998.1927490234375 915919
19112.615263515767 563233
2719.9676472132946 563233
4242.91640625 563233
4244.55673828125 563233
18565.29870267663 936719
2708.0743137914715 936719
2926.9312744140625 936719
2926.2359008789062 936719
18571.41296158992 905426
2708.395353785522 905426
3336.3331909179688 905426
3334.720947265625 905426
19118.88108213631 857775
2719.7420029922164 857775
3881.4532470703125 857775
3882.2030639648438 857775
18711.988112884406 174384
2712.131785196543 174384
4298.854899088542 174384
4296.724690755208 174384
18823.39431554942 855637
2724.5165677501736 855637
4540.948974609375 855637
4543.05517578125 855637
18503.518342263582 634974
2706.6706877036604 634974
3498.91904296875 634974
3499.889599609375 634974
19098.258027489606 953845
2719.2649882930987 953845
3027.5422973632812 953845
3027.0803833007812 953845
19715.575176303937 971344
2720.5379841234612 971344
3720.950439453125 971344
3723.133154296875 971344
19050.277703419302 108067
2717.5198370052153 108067
3217.218575613839 108067
3217.712332589286 108067
18805.68546085345 822798
2716.0568728704507 822798
3990.7851911272323 822798
3989.8927873883927 822798
0.0 395147
0.0 395147
3270.5443115234375 395147
3273.58740234375 395147
0.0 212755
2729.7749879955118 212755
2830.0498046875 212755
2829.4535319010415 212755
18670.676562862114 135205
2715.4179433877553 135205
2993.1436941964284 135205
2993.2887834821427 135205
19323.70127942026 790133
2724.483942290619 790133
4020.201806640625 790133
4020.8830078125 790133
19490.42083721158 151078
2731.503093063515 151078
4452.327734375 151078
4451.9265625 151078
18533.426686402352 143380
2712.7322811099807 143380
3691.648974609375 143380
3688.426416015625 143380
18655.26649388754 46085
2714.1385554068665 46085
4711.771484375 46085
4708.698521205357 46085
99514.03863331051 290538
2996.7467256433824 290538
2995.053035960478 290538
19604.108365659653 290538
19604.108365659653 290538
19251.77235770226 290538
19182.168097642054 290538
2994.2794015066966 290538
19239.720001008434 290538
19239.720001008434 290538
2994.0441545758927 290538
2994.314034598214 290538
19239.720001008434 290538
59202.36016075608 290538
0.0 290538
2994.6505301339284 290538
2994.0472237723216 290538
2994.6986955915177 290538
2993.722098214286 290538
2994.1756766183034 290538
2994.60888671875 290538
2995.307686941964 290538
0.0 290538
0.0 290538
0.0 290538
0.0 290538
0.0 290538
0.0 290538
0.0 290538
0.0 290538
0.0 290538
0.0 290538
0.0 290538
0.0 290538
2993.9314313616073 290538
0.0 290538
0.0 290538
0.0 290538
0.0 290538
3620.4756673177085 290538
99674.45983742959 290538
59202.36016075608 290538
19239.720001008434 290538
2992.727608816964 290538
3620.4510904947915 290538
3301.4919704861113 290538
3645.287841796875 290538
3631.9810384114585 290538
3618.71533203125 290538
3616.72265625 290538
3618.17138671875 290538
3618.99462890625 290538
3622.880615234375 290538
3617.6640625 290538
3620.0362141927085 290538
3619.509521484375 290538
3618.2666829427085 290538
3617.7925618489585 290538
3617.9363606770835 290538
3621.1044108072915 290538
3617.1576334635415 290538
3617.6101888020835 290538
3618.612060546875 290538
2991.46728515625 290538
3885.1187337239585 290538
3993.7443033854165 290538
2994.49462890625 290538
2994.768272986779 290538
2993.263427734375 290538
2994.1484723772323 290538
2994.5946219308034 290538
2992.7115304129466 290538
2995.3034319196427 290538
2995.801583426339 290538
2994.2663225446427 290538
2992.8040677584136 290538
2993.8974260602677 290538
2993.483816964286 290538
2992.433768136161 290538
19410.05707473455 290538
3073.1152857730262 290538
3090.5480638586955 290538
3073.1144762541117 290538
3073.7734631990133 290538
3073.838314658717 290538
3088.991837211277 290538
3074.41015625 290538
3074.9208084909537 290538
3089.790729025136 290538
3090.312595533288 290538
3089.5039274796195 290538
3090.5701532778535 290538
3089.2046747622285 290538
0.0 290538
0.0 290538
99746.3012805865 290538
59804.656636762986 290538
3089.1112644361415 290538
19410.05707473455 290538
19251.77235770226 290538
0.0 290538
0.0 290538
0.0 290538
0.0 290538
9249.92635569853 290538
3350.196461397059 290538
99082.95021802418 290538
59730.98544269048 290538
19199.488581972648 290538
3071.9449275090146 290538
0.0 290538
3510.0282287597656 290538
4116.2471110026045 290538
3447.866144353693 290538
3447.067238547585 290538
3447.605324485085 290538
3999.0026411576705 290538
3447.7937455610795 290538
19209.898117203546 290538
19209.898117203546 290538
98983.9346448822 290538
98983.9346448822 290538
98983.89562141827 290538
