0.0 1
1028.107194006719 1
1065.0269182238637 1
1065.0269182238637 1
1065.0269182238637 1
1065.0269182238637 1
1065.0269182238637 1
1065.0269182238637 1
1065.0269182238637 1
1065.0269182238637 1
1065.0269182238637 1
1065.0269182238637 1
1065.0269182238637 1
1065.0269182238637 1
1040.3509128881026 1
1040.3509128881026 1
934.4713154402561 1
934.4713154402561 1
934.4713154402561 1
0.0 1
0.0 1
1140.6952464156202 1
0.0 1
0.0 1
0.0 1
0.0 1
0.0 1
0.0 1
0.0 1
1112.0066974431859 0
1112.0066974431859 0
1079.5214176677819 1
1079.5214176677819 1
0.0 1
1026.7478018375405 1
1026.7478018375405 1
1092.8655025782452 1
1092.8655025782452 1
1092.8655025782452 1
1092.8655025782452 1
1092.8655025782452 1
1092.8655025782452 1
1092.8655025782452 1
1092.8655025782452 1
1092.8655025782452 1
1092.8655025782452 1
1092.8655025782452 1
1092.8655025782452 1
1092.8655025782452 1
0.0 1
991.9829884313513 1
0.0 1
991.9829884313513 1
991.9829884313513 1
991.9829884313513 1
991.9829884313513 1
991.9829884313513 1
991.9829884313513 1
991.9829884313513 1
991.9829884313513 1
991.9829884313513 1
991.9829884313513 1
991.9829884313513 1
800.0 1
800.0 1
800.0 1
800.0 1
934.4713154402561 1
991.9829884313513 1
991.9829884313513 1
991.9829884313513 1
991.9829884313513 1
991.9829884313513 1
991.9829884313513 1
991.9829884313513 1
991.9829884313513 1
991.9829884313513 1
991.9829884313513 1
991.9829884313513 1
991.9829884313513 1
991.9829884313513 1
1092.8655025782452 1
1092.8655025782452 1
1092.8655025782452 1
1092.8655025782452 1
1092.8655025782452 1
1092.8655025782452 1
1768.5848041251982 1
1768.5848041251982 1
6892.8655025782455 1
534.2924020626039 1
1092.8655025782452 1
1092.8655025782452 1
1092.8655025782452 1
1092.8655025782452 1
1092.8655025782452 1
1092.8655025782452 1
1092.8655025782452 1
1092.8655025782452 1
1092.8655025782452 1
1092.8655025782452 1
1092.8655025782452 1
1092.8655025782452 1
1092.8655025782452 1
1092.8655025782452 1
1092.8655025782452 1
1092.8655025782452 1
1092.8655025782452 1
1092.8655025782452 1
1092.8655025782452 1
1092.8655025782452 1
1092.8655025782452 1
1092.8655025782452 1
1061.7821038489149 1
1061.7821038489149 1
1061.7821038489149 1
1061.7821038489149 1
1061.7821038489149 1
1061.7821038489149 1
1061.7821038489149 1
1061.7821038489149 1
1061.7821038489149 1
1061.7821038489149 1
1077.6893844249862 290538
1064.2922832028319 290538
1077.6893844249862 290538
1077.6893844249862 290538
1077.6893844249862 290538
1077.6893844249862 290538
1132.0973612602684 909538
1132.0973612602684 909538
1132.0973612602684 909538
1132.0973612602684 909538
1098.276567458032 310420
1150.3447101776633 310420
1145.665956672491 310420
1107.199693820914 310420
999.4139182154488 793815
999.4139182154488 793815
999.4139182154488 793815
958.0259831507768 793815
1026.9216493002896 299994
1026.9216493002896 299994
1026.9216493002896 299994
1026.9216493002896 299994
0.0 201337
0.0 201337
0.0 201337
0.0 201337
1138.3601894122112 768912
1138.3601894122112 768912
1138.3601894122112 768912
1138.3601894122112 768912
1115.8135353283317 768794
1106.0994737334356 768794
1106.0994737334356 768794
1086.916080898147 768794
975.5623919003992 148536
975.5623919003992 148536
975.5623919003992 148536
975.5623919003992 148536
1058.84727879829 890885
1058.84727879829 890885
1036.3045802280772 890885
1032.854106188286 890885
1261.7111470345797 852888
1261.7111470345797 852888
1261.7111470345797 852888
1268.9497590468964 852888
1014.5429769028851 365080
1014.5429769028851 365080
1014.5429769028851 365080
1014.5429769028851 365080
1213.6886837225757 233377
1213.6886837225757 233377
1213.6886837225757 233377
1213.6886837225757 233377
1172.441371015273 225574
1172.441371015273 225574
1172.441371015273 225574
1172.441371015273 225574
1030.6285081562949 828104
1033.8334503784135 828104
1030.6285081562949 828104
1034.7589003623664 828104
1018.7709930845137 676239
1018.7709930845137 676239
1018.7709930845137 676239
1018.7709930845137 676239
1131.5639591190265 522308
1131.5639591190265 522308
1131.5639591190265 522308
1131.5639591190265 522308
0.0 66444
0.0 66444
0.0 66444
0.0 66444
1064.8602819745429 611580
1064.8602819745429 611580
1064.8602819745429 611580
1064.8602819745429 611580
1083.0412207422778 729303
1083.0412207422778 729303
1071.0211197216329 729303
1068.8228047923185 729303
982.0383652636781 199643
1007.0821792037459 199643
1007.0821792037459 199643
966.606719043199 199643
1028.5008834006264 117189
1083.328088731505 117189
1018.7597216819413 117189
1018.7597216819413 117189
1105.3170035213698 899336
1105.3170035213698 899336
1105.3170035213698 899336
1105.3170035213698 899336
932.0980758620426 361201
932.0980758620426 361201
932.0980758620426 361201
932.0980758620426 361201
1096.63116675755 394590
1096.63116675755 394590
1096.63116675755 394590
1096.63116675755 394590
953.5890464790476 899195
953.5890464790476 899195
953.5890464790476 899195
953.5890464790476 899195
972.1761600685838 500091
933.6390138546936 500091
972.1761600685838 500091
982.5565386673552 500091
1110.6855991593163 631323
1110.6855991593163 631323
1110.6855991593163 631323
1110.6855991593163 631323
1063.168432904 285948
1063.168432904 285948
1063.168432904 285948
1063.168432904 285948
0.0 4096
0.0 4096
0.0 4096
0.0 4096
1101.2480553549249 995694
1101.2480553549249 995694
1101.2480553549249 995694
1101.2480553549249 995694
1076.0237103210297 589703
1076.0237103210297 589703
1076.0237103210297 589703
1076.0237103210297 589703
1108.5101148115161 5962
1213.2791572331141 5962
1213.2791572331141 5962
1149.1975616787095 5962
985.6863867726643 830047
985.6863867726643 830047
932.4917474164628 830047
879.4328785428079 830047
1038.5059049528402 319530
1038.5059049528402 319530
1038.5059049528402 319530
958.7784846115392 319530
1048.3824262353592 557745
1048.3824262353592 557745
1048.3824262353592 557745
1048.3824262353592 557745
1013.6416569752619 652202
1013.6416569752619 652202
1013.6416569752619 652202
1013.6416569752619 652202
1164.988783816186 553793
1164.988783816186 553793
1164.988783816186 553793
1164.988783816186 553793
1000.4988861871617 884108
1019.2468317019133 884108
989.3632475194754 884108
1003.6309052197529 884108
1059.5417304580499 898233
1035.6742913125781 898233
1034.7237127761666 898233
1035.6742913125781 898233
978.4456649564672 996114
978.4456649564672 996114
978.4456649564672 996114
978.4456649564672 996114
0.0 497459
0.0 497459
0.0 497459
0.0 497459
938.6861213091761 146660
938.6861213091761 146660
938.6861213091761 146660
938.6861213091761 146660
972.6766987817568 49340
972.6766987817568 49340
970.6621089278487 49340
990.9680125363437 49340
1089.9612603085116 6275
1089.9612603085116 6275
1089.9612603085116 6275
1089.1205232862849 6275
1085.3607411771748 168584
1060.2968903160654 168584
1060.2968903160654 168584
1095.2374009087682 168584
1008.5263915536925 431307
1008.5263915536925 431307
1008.5263915536925 431307
1043.5647397711873 431307
979.3404521495104 327829
979.3404521495104 327829
979.3404521495104 327829
979.3404521495104 327829
1023.9111559295561 486411
1023.9111559295561 486411
1023.9111559295561 486411
1023.9111559295561 486411
1111.7366120805964 85471
1111.7366120805964 85471
1111.7366120805964 85471
1111.7366120805964 85471
978.2455066069961 789034
978.2455066069961 789034
1053.370824020622 789034
1053.370824020622 789034
1129.1762427017093 886174
1129.1762427017093 886174
1129.1762427017093 886174
1129.1762427017093 886174
1125.2619896348333 968871
1125.2619896348333 968871
1125.2619896348333 968871
1125.2619896348333 968871
0.0 888121
0.0 888121
0.0 888121
0.0 888121
1173.547021185048 302512
1173.547021185048 302512
1173.547021185048 302512
1173.547021185048 302512
1097.542926565951 254922
1097.542926565951 254922
1121.6412030667998 254922
1101.1836219038814 254922
1108.8739104350097 602451
1141.6635173291434 602451
1141.6635173291434 602451
1106.6353174468968 602451
974.8467210426927 86904
970.5569354348505 86904
981.0543069040868 86904
981.0543069040868 86904
1085.0511969091992 969585
1085.0511969091992 969585
1027.544718442019 969585
1027.544718442019 969585
942.5271882987581 930192
942.5271882987581 930192
942.5271882987581 930192
942.5271882987581 930192
952.8346732230857 139635
952.8346732230857 139635
952.8346732230857 139635
952.8346732230857 139635
1169.4060067677249 472927
1169.4060067677249 472927
1169.4060067677249 472927
1169.4060067677249 472927
1083.3082023316529 141124
1083.3082023316529 141124
1083.3082023316529 141124
1115.5888830777258 141124
1022.8934359260436 850105
1022.8934359260436 850105
1022.8934359260436 850105
1022.8934359260436 850105
1073.3071280764416 71061
1073.3071280764416 71061
1073.3071280764416 71061
1073.3071280764416 71061
0.0 708653
0.0 708653
0.0 708653
0.0 708653
1120.824088620022 377443
1120.824088620022 377443
1120.824088620022 377443
1120.824088620022 377443
1038.530703869462 170019
1023.0407670059552 170019
1012.3083240198904 170019
999.4107724356332 170019
969.220111095036 781763
979.5021576374769 781763
979.5021576374769 781763
982.5701394947246 781763
997.1098631126806 386778
1003.378473348543 386778
961.7979794396088 386778
961.7979794396088 386778
988.3519088433435 838841
988.3519088433435 838841
988.3519088433435 838841
994.9502581302077 838841
1136.3381385402754 607262
1136.3381385402754 607262
1136.3381385402754 607262
1136.3381385402754 607262
936.4946344546042 186636
936.4946344546042 186636
936.4946344546042 186636
936.4946344546042 186636
1127.801243957753 680028
1127.801243957753 680028
1127.801243957753 680028
1127.801243957753 680028
1067.6920270283397 23352
1046.1692872546614 23352
1042.0612953001898 23352
1042.0612953001898 23352
1008.810517858093 478953
1042.4659746092345 478953
1042.4659746092345 478953
1042.4659746092345 478953
1101.4083567692433 410940
1101.4083567692433 410940
1101.4083567692433 410940
1101.4083567692433 410940
0.0 457000
0.0 457000
0.0 457000
0.0 457000
1028.2075296342373 102207
1028.2075296342373 102207
1028.2075296342373 102207
1028.2075296342373 102207
1105.6809245546658 592288
1105.6809245546658 592288
1105.6809245546658 592288
1112.0954368441764 592288
1062.2574032060802 783673
993.9872512728907 783673
1062.2574032060802 783673
1053.46262708803 783673
982.6413408356408 766519
1014.7995205942541 766519
1014.7995205942541 766519
999.3638457311317 766519
1124.1424939837307 685743
1124.1424939837307 685743
1124.1424939837307 685743
1194.5247864509001 685743
918.798614859581 820085
918.798614859581 820085
918.798614859581 820085
918.798614859581 820085
1160.3902281583287 810388
1160.3902281583287 810388
1160.3902281583287 810388
1160.3902281583287 810388
954.1617328661183 444326
954.1617328661183 444326
954.1617328661183 444326
954.1617328661183 444326
934.72190635403 710863
967.0298332468208 710863
947.8988890834153 710863
948.3541876737561 710863
1056.3217941115477 524414
1056.3217941115477 524414
1056.3217941115477 524414
1052.158483657365 524414
1189.5743470499292 178585
1189.5743470499292 178585
1189.5743470499292 178585
1189.5743470499292 178585
0.0 409993
0.0 409993
0.0 409993
0.0 409993
830.3051619827747 267901
830.3051619827747 267901
830.3051619827747 267901
830.3051619827747 267901
1115.6153152264656 178077
1124.4719183498787 178077
1124.4719183498787 178077
1128.188157572544 178077
1024.5203760948032 606969
1024.5203760948032 606969
1024.5203760948032 606969
990.9181903377175 606969
1002.2909590121359 266023
995.5573741625994 266023
1044.4717474095523 266023
1044.4717474095523 266023
1188.3756184279919 742696
1188.3756184279919 742696
1187.0979525456205 742696
1187.0979525456205 742696
1070.1861478406936 202338
1070.1861478406936 202338
1070.1861478406936 202338
1070.1861478406936 202338
1039.7352653509006 551856
1036.061281984938 551856
1036.061281984938 551856
1036.061281984938 551856
1150.6651377566159 167231
1150.6651377566159 167231
1150.6651377566159 167231
1150.6651377566159 167231
1040.7601953437552 633980
1040.7601953437552 633980
1040.7601953437552 633980
1040.7601953437552 633980
954.0061931765327 236431
954.0061931765327 236431
954.0061931765327 236431
954.0061931765327 236431
0.0 183083
0.0 183083
0.0 183083
0.0 183083
0.0 167044
0.0 167044
0.0 167044
0.0 167044
1108.6943066362292 711361
1108.6943066362292 711361
1108.6943066362292 711361
1108.6943066362292 711361
990.8979413088412 774777
990.8979413088412 774777
990.8979413088412 774777
990.8979413088412 774777
1147.2242465531453 101751
1147.2242465531453 101751
1147.2242465531453 101751
1147.2242465531453 101751
1070.208453444764 471745
1070.208453444764 471745
1070.208453444764 471745
1070.208453444764 471745
1105.6266539823264 962561
1105.6266539823264 962561
1105.6266539823264 962561
1105.6266539823264 962561
1052.2419472144295 721789
1052.2419472144295 721789
1052.2419472144295 721789
1052.2419472144295 721789
1009.0448070317507 468238
992.1685981701382 468238
976.593915836513 468238
991.6523072324279 468238
1016.2172806244344 51584
1016.2172806244344 51584
1016.2172806244344 51584
1008.9774575744357 51584
1076.7420937929835 539053
1076.7420937929835 539053
1076.7420937929835 539053
1039.8611799332623 539053
1129.9196688253433 824392
1129.9196688253433 824392
1129.9196688253433 824392
1136.6493984500744 824392
991.3493501596773 943808
991.3493501596773 943808
1006.1340633894184 943808
1006.1340633894184 943808
1099.7730659813221 360657
1099.7730659813221 360657
1099.7730659813221 360657
1069.8456651649128 360657
1246.2538096942008 43462
1246.2538096942008 43462
1246.2538096942008 43462
1246.2538096942008 43462
986.6406071465462 282109
986.6406071465462 282109
986.6406071465462 282109
986.6406071465462 282109
1117.7603956970077 943802
1117.7603956970077 943802
1117.7603956970077 943802
1117.7603956970077 943802
1045.914414311992 506506
1045.914414311992 506506
1045.914414311992 506506
1045.914414311992 506506
1139.8656880476046 14373
1139.8656880476046 14373
1139.8656880476046 14373
1144.5895385396268 14373
1117.456174928695 906566
1117.456174928695 906566
1117.456174928695 906566
1117.456174928695 906566
1106.8588156420738 257196
1106.8588156420738 257196
1106.8588156420738 257196
1106.8588156420738 257196
987.0401494397471 836491
987.0401494397471 836491
987.0401494397471 836491
987.0401494397471 836491
0.0 224197
0.0 224197
0.0 224197
0.0 224197
1092.4729418689385 940687
1094.928081323703 940687
1094.928081323703 940687
1094.928081323703 940687
1121.7414357405155 19340
1121.7414357405155 19340
1121.7414357405155 19340
1121.7414357405155 19340
958.9517312667643 594793
958.9517312667643 594793
958.9517312667643 594793
983.2132802056149 594793
1127.0285893268883 839115
1127.0285893268883 839115
1127.0285893268883 839115
1127.0285893268883 839115
1053.4700929525618 613522
1053.4700929525618 613522
1040.0429201205927 613522
1040.0429201205927 613522
980.6697954744101 64776
940.2500419914722 64776
940.2500419914722 64776
1062.507970447652 64776
961.9505341015756 572741
961.9505341015756 572741
961.9505341015756 572741
961.9505341015756 572741
1056.1765690557659 957401
1056.1765690557659 957401
1056.1765690557659 957401
1056.1765690557659 957401
1069.907582782209 579560
1157.4055287875235 579560
1157.4055287875235 579560
1047.7891767770052 579560
1133.0170223083346 339615
1133.0170223083346 339615
1119.0224120849743 339615
1020.6335473069921 339615
1005.0329808586588 555208
1005.0329808586588 555208
1005.0329808586588 555208
1005.0329808586588 555208
1003.0998919773847 571606
1003.0998919773847 571606
1003.0998919773847 571606
1003.0998919773847 571606
913.383792453135 457749
913.383792453135 457749
913.383792453135 457749
913.383792453135 457749
980.040390730732 217957
974.8348678825423 217957
980.040390730732 217957
980.040390730732 217957
1056.555701488629 799681
1056.555701488629 799681
1056.555701488629 799681
1056.555701488629 799681
0.0 372307
0.0 372307
0.0 372307
0.0 372307
1029.8200457626954 586066
1011.0194766428322 586066
1011.0194766428322 586066
1011.0194766428322 586066
0.0 67672
0.0 67672
0.0 67672
0.0 67672
0.0 915919
0.0 915919
0.0 915919
0.0 915919
1106.0102560650557 563233
1106.0102560650557 563233
1106.0102560650557 563233
1106.0102560650557 563233
1007.7137920504435 936719
1003.4392368959057 936719
1003.4392368959057 936719
1021.4309531501494 936719
1059.6295405975543 905426
1059.6295405975543 905426
1059.6295405975543 905426
1059.6295405975543 905426
1051.4739618875087 857775
1051.4739618875087 857775
1051.4739618875087 857775
1051.4739618875087 857775
1059.4671337073669 174384
1059.4671337073669 174384
1059.4671337073669 174384
1059.4671337073669 174384
1134.983369880356 855637
1134.983369880356 855637
1134.983369880356 855637
1134.983369880356 855637
1014.4726974561811 634974
1014.4726974561811 634974
1014.4726974561811 634974
964.753192540879 634974
971.4657053057105 953845
971.4657053057105 953845
928.1748556233943 953845
928.1748556233943 953845
1115.4856466790661 971344
1115.4856466790661 971344
1115.4856466790661 971344
1115.4856466790661 971344
1085.7634096372872 108067
1085.7634096372872 108067
1085.7634096372872 108067
1071.1836754814722 108067
1081.7894778447226 822798
1081.7894778447226 822798
1172.6059495608013 822798
1172.6059495608013 822798
1062.2181376997382 395147
1062.2181376997382 395147
1072.296915538609 395147
1072.296915538609 395147
1074.999503178256 212755
1074.999503178256 212755
1074.999503178256 212755
1074.999503178256 212755
910.6979519657791 135205
910.6979519657791 135205
910.6979519657791 135205
934.6029948666692 135205
0.0 790133
0.0 790133
0.0 790133
0.0 790133
1018.3413327162465 151078
1062.1262362979885 151078
1062.1262362979885 151078
1062.1262362979885 151078
1084.2928104197813 143380
1084.2928104197813 143380
1084.2928104197813 143380
1084.2928104197813 143380
1064.4667032749082 46085
1093.122629372403 46085
1064.4667032749082 46085
1113.2532247509807 46085
1020.0868043713272 365866
1020.0868043713272 365866
1060.327351398766 365866
1090.839152741246 365866
1055.3987005713086 83170
1055.3987005713086 83170
1055.3987005713086 83170
1055.3987005713086 83170
1015.3206513430923 383502
938.9277129946277 383502
938.9277129946277 383502
938.9277129946277 383502
1105.0443421438335 108009
1151.1614509732462 108009
1151.1614509732462 108009
1138.48546634987 108009
1012.6517104574014 130706
985.3797254354826 130706
985.3797254354826 130706
1012.6517104574014 130706
1081.336009747659 693250
1081.336009747659 693250
1081.336009747659 693250
986.7928054779768 693250
940.8843487566337 613629
940.8843487566337 613629
940.8843487566337 613629
940.8843487566337 613629
1093.139233077211 91630
1094.5467146368076 91630
1094.5467146368076 91630
1094.5467146368076 91630
1071.1222930789615 434347
1046.8043365176768 434347
1046.8043365176768 434347
1116.3828376181423 434347
1204.9019437008537 636327
1204.9019437008537 636327
1204.9019437008537 636327
1197.395141609634 636327
0.0 918811
0.0 918811
0.0 918811
0.0 918811
981.7648160096257 303947
992.9285142896697 303947
992.9285142896697 303947
992.9285142896697 303947
995.851669697091 68243
995.851669697091 68243
995.851669697091 68243
971.6830416939532 68243
954.0920573196685 373805
954.0920573196685 373805
954.0920573196685 373805
954.0920573196685 373805
1066.273891998455 900438
1066.273891998455 900438
1066.273891998455 900438
1066.273891998455 900438
1092.967951470365 437029
1092.967951470365 437029
1092.967951470365 437029
1092.967951470365 437029
0.0 829801
0.0 829801
0.0 829801
0.0 829801
0.0 715801
0.0 715801
0.0 715801
0.0 715801
1062.4783275015652 279405
1062.4783275015652 279405
1062.4783275015652 279405
1097.0530025896926 279405
1028.561260734871 85264
1028.561260734871 85264
1028.561260734871 85264
1058.701320963446 85264
1150.8321089749224 217909
1150.8321089749224 217909
1150.8321089749224 217909
1150.8321089749224 217909
1092.5939802575856 135618
1092.5939802575856 135618
1092.5939802575856 135618
1092.5939802575856 135618
1185.216792180203 889110
1185.216792180203 889110
1185.216792180203 889110
1185.216792180203 889110
1110.9574300847949 490622
1131.7862175488845 490622
1063.7046244883288 490622
1078.392871952802 490622
1034.107139901817 800908
1055.930683578468 800908
1051.1945210915399 800908
1051.1945210915399 800908
999.3223984297365 803175
999.3223984297365 803175
999.3223984297365 803175
987.5554743771042 803175
1010.6117937493449 783096
1010.6117937493449 783096
1010.6117937493449 783096
1010.6117937493449 783096
996.8485659040097 185894
996.8485659040097 185894
996.8485659040097 185894
1020.9512034364577 185894
1082.8754324279726 345538
1092.499540468944 345538
1082.8754324279726 345538
1082.8754324279726 345538
1094.7021207192115 697000
1094.7021207192115 697000
1094.7021207192115 697000
1094.7021207192115 697000
967.6292894072831 706984
967.6292894072831 706984
967.6292894072831 706984
967.6292894072831 706984
1108.729031804949 217143
1108.729031804949 217143
1108.729031804949 217143
1108.729031804949 217143
1020.2220723585536 577703
1020.2220723585536 577703
1020.2220723585536 577703
1020.2220723585536 577703
1103.703088920253 518875
1117.742739027366 518875
1128.5585809887853 518875
1142.1376870750848 518875
1035.833843250759 653268
1035.833843250759 653268
1035.833843250759 653268
1035.833843250759 653268
1129.9164802605908 358970
1129.9164802605908 358970
1129.9164802605908 358970
1129.9164802605908 358970
831.9434677259997 600272
831.9434677259997 600272
831.9434677259997 600272
831.9434677259997 600272
998.686188749969 299742
998.686188749969 299742
998.686188749969 299742
998.686188749969 299742
0.0 589657
0.0 589657
0.0 589657
0.0 589657
839.2901564817876 902667
839.2901564817876 902667
839.2901564817876 902667
849.3640574393794 902667
1119.7879258058965 733084
1157.4494221272569 733084
1211.8303211182356 733084
1211.8303211182356 733084
1091.109827446441 227017
1091.109827446441 227017
1091.109827446441 227017
1091.109827446441 227017
882.6463576108217 850042
882.6463576108217 850042
882.6463576108217 850042
882.6463576108217 850042
1108.6919692627464 515443
1079.0678882289678 515443
1098.6977492169078 515443
1098.6977492169078 515443
1010.3271834021434 198246
1010.3271834021434 198246
1052.470041890939 198246
972.0529730021954 198246
1052.9271503090858 638972
1052.9271503090858 638972
1052.9271503090858 638972
1052.9271503090858 638972
1080.0446225111373 581893
1080.0446225111373 581893
1080.0446225111373 581893
1060.7041176551331 581893
1024.9896189756691 124601
1024.9896189756691 124601
1024.9896189756691 124601
1024.9896189756691 124601
1159.3199848840013 331120
1159.3199848840013 331120
1126.4582474958152 331120
1126.4582474958152 331120
1111.8601358992357 469858
1111.8601358992357 469858
1111.8601358992357 469858
1111.8601358992357 469858
1049.4107852783054 615207
1049.4107852783054 615207
1049.4107852783054 615207
1049.4107852783054 615207
865.4473747368902 141050
865.4473747368902 141050
865.4473747368902 141050
865.4473747368902 141050
1013.0050748381764 785077
1013.0050748381764 785077
1013.0050748381764 785077
1037.0384928050917 785077
1031.068596303463 20016
1031.068596303463 20016
1031.068596303463 20016
1031.068596303463 20016
0.0 365474
0.0 365474
0.0 365474
0.0 365474
928.4884348132958 924065
969.0746617950499 924065
969.0746617950499 924065
897.9966934993863 924065
0.0 96220
0.0 96220
0.0 96220
0.0 96220
0.0 115890
0.0 115890
0.0 115890
0.0 115890
1029.3055189009756 785116
1029.3055189009756 785116
1029.3055189009756 785116
1029.3055189009756 785116
1091.0991621226485 39286
1065.9559337112587 39286
1067.9537268411368 39286
1063.3609993591283 39286
985.8407025588676 395975
985.8407025588676 395975
985.8407025588676 395975
985.8407025588676 395975
1158.0178072556853 74823
1158.0178072556853 74823
1158.0178072556853 74823
1158.0178072556853 74823
1084.2994273705408 464142
1084.2994273705408 464142
1084.2994273705408 464142
1084.2994273705408 464142
1186.7918633623049 308476
1186.7918633623049 308476
1186.7918633623049 308476
1186.7918633623049 308476
1183.3185738339089 787062
1183.3185738339089 787062
1206.3456917088479 787062
1206.3456917088479 787062
986.5501630682498 338866
986.5501630682498 338866
986.5501630682498 338866
986.5501630682498 338866
1094.8326409021392 810873
1094.8326409021392 810873
1094.8326409021392 810873
1094.8326409021392 810873
1049.9753051489593 231183
1049.9753051489593 231183
1049.9753051489593 231183
1095.2309113293886 231183
900.1736241888254 16150
900.1736241888254 16150
900.1736241888254 16150
900.1736241888254 16150
1039.47328430973 115415
1039.47328430973 115415
1042.4520128837653 115415
1042.4520128837653 115415
1103.3220898217212 449142
1111.823300743848 449142
1111.823300743848 449142
1112.8742879355948 449142
0.0 541462
0.0 541462
0.0 541462
0.0 541462
1158.0636305224616 114238
1158.0636305224616 114238
1158.0636305224616 114238
1164.6199884502482 114238
1085.1223061415885 702837
1085.1223061415885 702837
1085.1223061415885 702837
1085.1223061415885 702837
903.7773329154588 634219
897.8194142275801 634219
897.8194142275801 634219
897.8194142275801 634219
1058.8184906955187 629190
1058.8184906955187 629190
1058.8184906955187 629190
1051.6316753172625 629190
1056.2832371490076 321030
1002.1300031584688 321030
1031.1018090631812 321030
1028.8789384826086 321030
967.239520692577 54329
967.239520692577 54329
967.239520692577 54329
967.239520692577 54329
1200.068039610982 658876
1224.8178344648331 658876
1224.8178344648331 658876
1224.8178344648331 658876
1007.0811452073976 967591
1071.87147943303 967591
1071.87147943303 967591
1045.8603221494704 967591
1126.1809666768781 504623
1120.5164909278974 504623
1120.5164909278974 504623
1124.9437128659338 504623
1054.0272786207497 614945
1054.0272786207497 614945
1113.1757594067603 614945
1113.1757594067603 614945
1031.3900145338848 665802
1031.3900145338848 665802
1031.3900145338848 665802
1031.3900145338848 665802
1031.520575489228 437262
1045.942452442522 437262
1045.942452442522 437262
1045.942452442522 437262
1087.9250500531246 838537
1087.9250500531246 838537
1087.9250500531246 838537
1083.208255262114 838537
1163.6910133194178 212044
1163.6910133194178 212044
1163.6910133194178 212044
1124.6007486830156 212044
0.0 642414
0.0 642414
0.0 642414
0.0 642414
957.2340739915768 441045
957.2340739915768 441045
957.2340739915768 441045
963.4068432621658 441045
1105.0576719849237 556536
1105.0576719849237 556536
1105.0576719849237 556536
1100.3200809663783 556536
1051.7250364863623 589930
1051.7250364863623 589930
1051.7250364863623 589930
1051.7250364863623 589930
0.0 330049
0.0 330049
0.0 330049
0.0 330049
0.0 307462
0.0 307462
0.0 307462
0.0 307462
1115.1201145527884 856274
1115.1201145527884 856274
1115.1201145527884 856274
1115.1201145527884 856274
1021.5792149484157 990528
1021.5792149484157 990528
1021.5792149484157 990528
955.4581039538607 990528
951.322451332584 672442
951.322451332584 672442
951.322451332584 672442
951.322451332584 672442
995.627479519695 647615
995.627479519695 647615
995.627479519695 647615
995.627479519695 647615
1076.4658921509981 536273
1076.4658921509981 536273
1076.4658921509981 536273
1076.4658921509981 536273
1071.6840576395393 270979
1121.273301194422 270979
1065.0670123379678 270979
1038.522252114862 270979
1129.9914147303336 595527
1129.9914147303336 595527
1138.376523494382 595527
1138.376523494382 595527
977.7625174890272 764849
977.7625174890272 764849
977.7625174890272 764849
977.7625174890272 764849
1059.1972291842103 166899
1059.1972291842103 166899
1059.1972291842103 166899
1061.922084930539 166899
1062.2211369064946 833337
1062.2211369064946 833337
1062.2211369064946 833337
1037.8966520833783 833337
1239.1479359567165 371782
1239.1479359567165 371782
1239.1479359567165 371782
1239.1479359567165 371782
934.6523697413504 277162
934.6523697413504 277162
934.6523697413504 277162
934.6523697413504 277162
1060.2826516839366 815544
1060.2826516839366 815544
1060.2826516839366 815544
1060.2826516839366 815544
993.9798934248587 906053
993.9798934248587 906053
993.9798934248587 906053
993.9798934248587 906053
1029.975482552002 441601
1029.975482552002 441601
984.0098887467757 441601
941.9486308316035 441601
1006.9372542100027 404889
1006.9372542100027 404889
1006.9372542100027 404889
1023.3962434290776 404889
1172.5926122423261 871468
1172.5926122423261 871468
1172.5926122423261 871468
1172.5926122423261 871468
924.0558972085515 484543
924.0558972085515 484543
924.0558972085515 484543
924.0558972085515 484543
0.0 284546
0.0 284546
0.0 284546
0.0 284546
1294.9416142217815 343332
1294.9416142217815 343332
1294.9416142217815 343332
1294.9416142217815 343332
1068.0761784967035 638091
1068.0761784967035 638091
1068.0761784967035 638091
1068.0761784967035 638091
1045.9514769092202 182112
1077.6432362291962 182112
1054.3987224819139 182112
1054.3987224819139 182112
1115.3326027089108 875745
1115.3326027089108 875745
1115.3326027089108 875745
1140.9490843424574 875745
934.0151640189191 425341
934.0151640189191 425341
934.0151640189191 425341
934.0151640189191 425341
1039.0147658102214 672719
1085.3913150159642 672719
1010.7885914476855 672719
1010.7885914476855 672719
1093.7795308688655 20038
1093.7795308688655 20038
1102.1515093147755 20038
1018.4223407395184 20038
1051.8149489487212 598148
1051.8149489487212 598148
1051.8149489487212 598148
1053.396545493044 598148
1197.3928471691906 848318
1197.3928471691906 848318
1197.3928471691906 848318
1197.3928471691906 848318
1095.6685062982142 885988
1120.768850646913 885988
1222.4222464058548 885988
1222.4222464058548 885988
1116.5276412144303 172911
1116.5276412144303 172911
1116.5276412144303 172911
1116.5276412144303 172911
1147.1782133666177 856550
1147.1782133666177 856550
1147.1782133666177 856550
1147.1782133666177 856550
1073.7625643623371 646589
1073.7625643623371 646589
1073.7625643623371 646589
1073.7625643623371 646589
1229.477641005069 920965
1229.477641005069 920965
1229.477641005069 920965
1229.477641005069 920965
0.0 931216
0.0 931216
0.0 931216
0.0 931216
1158.8022814691067 244624
1158.8022814691067 244624
1158.8022814691067 244624
1275.579479392618 244624
0.0 380601
0.0 380601
0.0 380601
0.0 380601
997.2106378730386 556420
997.2106378730386 556420
997.2106378730386 556420
997.2106378730386 556420
995.4873734330758 595907
995.4873734330758 595907
995.4873734330758 595907
995.4873734330758 595907
1090.6899620965123 200968
1090.6899620965123 200968
1090.6899620965123 200968
1114.16831904836 200968
1126.3067320510745 100958
1126.3067320510745 100958
1126.3067320510745 100958
1126.3067320510745 100958
1296.6044570114464 269133
1296.6044570114464 269133
1296.6044570114464 269133
1296.6044570114464 269133
918.3702545550963 316599
918.3702545550963 316599
918.3702545550963 316599
918.3702545550963 316599
1100.0471501640975 570498
1100.0471501640975 570498
1100.0471501640975 570498
1135.6133301248774 570498
1149.5537909552454 478940
1120.1045320779085 478940
1120.1045320779085 478940
1120.1045320779085 478940
1018.9262214126065 536387
1018.204208098352 536387
1018.204208098352 536387
1018.204208098352 536387
945.4576773650945 276533
945.4576773650945 276533
945.4576773650945 276533
977.8528308998793 276533
1055.7068793369192 667100
1055.7068793369192 667100
1055.7068793369192 667100
1055.7068793369192 667100
1036.9613225527107 123021
1036.9613225527107 123021
1036.9613225527107 123021
1036.9613225527107 123021
0.0 87336
0.0 87336
0.0 87336
0.0 87336
1093.011030543968 939771
1111.1909175780083 939771
1111.1909175780083 939771
1142.6271202367332 939771
1126.7087928913534 689030
1126.7087928913534 689030
1126.7087928913534 689030
1126.7087928913534 689030
967.9106029048562 199129
967.9106029048562 199129
967.9106029048562 199129
967.9106029048562 199129
1126.2373927806814 727197
1126.2373927806814 727197
1084.10069552809 727197
1084.10069552809 727197
1081.4704717199008 409913
1015.1111545916647 409913
1015.1111545916647 409913
1015.1111545916647 409913
1067.9125350154936 672987
1067.9125350154936 672987
1039.1827908275384 672987
1067.9125350154936 672987
1060.5086339144036 573655
1060.5086339144036 573655
1056.8044831591349 573655
1056.8044831591349 573655
1007.6608895752579 460261
1016.9538171105087 460261
1016.9538171105087 460261
1063.042707933113 460261
1015.0024470714852 816109
973.8409602443377 816109
973.8409602443377 816109
973.8409602443377 816109
0.0 334699
0.0 334699
0.0 334699
0.0 334699
1012.999602622663 141529
1012.999602622663 141529
1001.152024511993 141529
1001.152024511993 141529
1116.7086960887536 93655
1113.3109513867114 93655
1113.3109513867114 93655
1113.3109513867114 93655
1109.5354849522312 702653
1109.5354849522312 702653
1109.5354849522312 702653
1109.5354849522312 702653
0.0 320051
0.0 320051
0.0 320051
0.0 320051
0.0 966252
0.0 966252
0.0 966252
0.0 966252
931.8314695144072 18352
931.8314695144072 18352
931.8314695144072 18352
931.8314695144072 18352
965.430597358942 390048
965.430597358942 390048
965.430597358942 390048
888.6919633969665 390048
1056.6932055074722 955240
1056.6932055074722 955240
1056.6932055074722 955240
1056.6932055074722 955240
1032.0983248233795 948251
1032.0983248233795 948251
1032.0983248233795 948251
1084.6290691047907 948251
903.5139048285782 288592
913.203452790156 288592
903.5139048285782 288592
903.5139048285782 288592
1062.846547158435 470703
1141.920880961232 470703
1062.846547158435 470703
1062.846547158435 470703
1042.7892068636913 665257
1042.7892068636913 665257
1031.7649911303413 665257
1042.7892068636913 665257
998.3726595523767 438907
968.050561436585 438907
968.050561436585 438907
994.6926496308297 438907
871.0556383909924 794032
871.0556383909924 794032
871.0556383909924 794032
871.0556383909924 794032
1025.5354267350501 803464
1029.0631154222149 803464
1029.0631154222149 803464
987.0395321355512 803464
1117.2129872776568 25141
1117.2129872776568 25141
1117.2129872776568 25141
1117.2129872776568 25141
1299.7529169507325 319365
1299.7529169507325 319365
1299.7529169507325 319365
1299.7529169507325 319365
1024.217060431838 675498
1024.217060431838 675498
1024.217060431838 675498
1024.217060431838 675498
1166.6872070605557 976109
1166.6872070605557 976109
1166.6872070605557 976109
1166.6872070605557 976109
1071.5053582253556 845942
1117.4658600494265 845942
1083.969179160893 845942
1083.969179160893 845942
1044.7529339855537 231691
1044.7529339855537 231691
1044.7529339855537 231691
1023.6240071931055 231691
997.6245072986931 466852
997.6245072986931 466852
997.6245072986931 466852
997.6245072986931 466852
1059.5925869643688 645130
1059.5925869643688 645130
1059.5925869643688 645130
1059.5925869643688 645130
0.0 796136
0.0 796136
0.0 796136
0.0 796136
1166.1041392460465 2304
1166.1041392460465 2304
1166.1041392460465 2304
1166.1041392460465 2304
1056.2370154773816 180490
1056.2370154773816 180490
1056.2370154773816 180490
1128.3383579527338 180490
977.4186150200665 702051
941.9490619078279 702051
1012.204698045738 702051
1049.9409462114174 702051
941.5366169381887 94966
941.5366169381887 94966
941.5366169381887 94966
980.6266608880833 94966
1011.8135421313345 931612
1011.8135421313345 931612
1011.8135421313345 931612
1011.8135421313345 931612
968.6881950773299 230507
974.3679062612355 230507
1009.0822678304145 230507
987.5330250225961 230507
1077.5656265921891 753811
1077.5656265921891 753811
1077.5656265921891 753811
1082.8916327357292 753811
881.9458653014153 459126
881.9458653014153 459126
881.9458653014153 459126
881.9458653014153 459126
1083.289619948715 57849
1083.289619948715 57849
1083.289619948715 57849
825.264656316489 57849
1163.2408262863755 125525
1228.6174182174727 125525
1217.7027112264186 125525
1217.7027112264186 125525
1043.631224895517 332304
1043.631224895517 332304
1043.631224895517 332304
1043.631224895517 332304
1063.0270195479195 669509
1063.0270195479195 669509
1063.0270195479195 669509
1063.0270195479195 669509
1092.9432398118079 175089
1092.9432398118079 175089
1092.9432398118079 175089
1092.9432398118079 175089
1072.517383377999 100832
1072.517383377999 100832
1072.517383377999 100832
1072.517383377999 100832
0.0 115338
0.0 115338
0.0 115338
0.0 115338
1023.0488000668586 841308
1031.2212035618722 841308
1031.2212035618722 841308
1104.283997034033 841308
0.0 234111
0.0 234111
0.0 234111
0.0 234111
968.1622894303873 152693
968.1622894303873 152693
968.1622894303873 152693
968.1622894303873 152693
1039.6944939065725 439972
1039.6944939065725 439972
1039.6944939065725 439972
1032.0762925483286 439972
1086.0836730735998 749675
1086.0836730735998 749675
1061.3732873253525 749675
1108.8479459573116 749675
1002.7012452390045 864037
1002.7012452390045 864037
1002.7012452390045 864037
1002.7012452390045 864037
1171.337824460119 783804
1171.337824460119 783804
1171.337824460119 783804
1171.337824460119 783804
973.2221493341028 260067
973.2221493341028 260067
973.2221493341028 260067
1004.5421601366252 260067
1103.253484477848 273759
1058.5051162000746 273759
1058.5051162000746 273759
1058.5051162000746 273759
1119.215187846683 790307
1134.6381696224212 790307
1134.6381696224212 790301077.6893844249862 290538
1033.6036692775253 290538
1031.603335266534 290538
1031.603335266534 290538
1031.603335266534 290538
1031.603335266534 290538
1031.603335266534 290538
1031.603335266534 290538
1031.603335266534 290538
1031.603335266534 290538
1031.603335266534 290538
1031.603335266534 290538
1031.603335266534 290538
1031.603335266534 290538
1031.603335266534 290538
1031.603335266534 290538
1031.603335266534 290538
1031.603335266534 290538
1031.603335266534 290538
1031.603335266534 290538
1031.603335266534 290538
1031.603335266534 290538
1031.603335266534 290538
1031.603335266534 290538
1031.603335266534 290538
1031.603335266534 290538
1031.603335266534 290538
1031.603335266534 290538
1031.603335266534 290538
1031.603335266534 290538
1031.603335266534 290538
1031.603335266534 290538
1031.603335266534 290538
1031.603335266534 290538
1031.603335266534 290538
1031.603335266534 290538
1031.603335266534 290538
1031.603335266534 290538
1031.603335266534 290538
1031.603335266534 290538
1031.603335266534 290538
1031.603335266534 290538
1031.603335266534 290538
1031.603335266534 290538
1031.603335266534 290538
1031.603335266534 290538
1031.603335266534 290538
1031.603335266534 290538
1031.603335266534 290538
1031.603335266534 290538
1031.603335266534 290538
1031.603335266534 290538
1031.603335266534 290538
1031.603335266534 290538
1031.603335266534 290538
1031.603335266534 290538
1031.603335266534 290538
1031.603335266534 290538
1031.603335266534 290538
1031.603335266534 290538
0.0 290538
1031.603335266534 290538
1031.603335266534 290538
1031.603335266534 290538
1031.603335266534 290538
926.0436862716451 290538
926.0436862716451 290538
926.0436862716451 290538
926.0436862716451 290538
1031.603335266534 290538
1031.603335266534 290538
1031.603335266534 290538
1071.8930003461458 290538
959.4785468764603 290538
1071.8930003461458 290538
959.4785468764603 290538
959.4785468764603 290538
959.4785468764603 290538
959.4785468764603 290538
1071.8930003461458 290538
973.3680207471043 290538
973.3680207471043 290538
973.3680207471043 290538
973.3680207471043 290538
895.2638039424812 290538
847.2591386327956 290538
847.2591386325657 290538
926.0436862716451 290538
1030.0859750979319 290538
1154.5795859618897 290538
1132.16015201093 290538
1132.16015201093 290538
990.447261019765 290538
990.447261019765 290538
847.2591386325657 290538
847.2591386325657 290538
1074.5588708030991 290538
1074.5588708030991 290538
1074.5588708030991 290538
1124.5718177771196 290538
847.2591386325657 290538
1074.5588708030991 290538
1124.5718177771196 290538
1124.5718177771196 290538
1167.7727786828764 290538
1124.5718177771196 290538
847.8123504058458 290538
847.8123504058458 290538
847.8123504058458 290538
847.8123504058458 290538
1031.603335266534 290538
977.7003100841539 290538
977.7003100841539 290538
977.7003100841539 290538
894.5298672161764 290538
894.5298672161764 290538
894.5298672161764 290538
963.8139317900253 290538
847.9967543305829 290538
847.9967543305829 290538
847.9967543305829 290538
847.9967543305829 290538
1174.9535726006143 290538
847.9967543305829 290538
847.9967543305829 290538
847.9967543305829 290538
896.3799742771313 290538
896.3799742771313 290538
896.3799742771313 290538
896.3799742771313 290538
896.3799742771313 290538
896.3799742771313 290538
847.2591386325657 290538
847.8123504058458 290538
896.3799742771313 290538
896.3799742771313 290538
896.3799742771313 290538
847.2591386325657 290538
847.2591386325657 290538
871.3370723429136 290538
847.8123504058458 290538
896.3799742771313 290538
896.3799742771313 290538
896.3799742771313 290538
896.3799742771313 290538
847.8123504058458 290538
847.8123504058458 290538
847.2591386325657 290538
896.3799742771313 290538
871.3370723429136 290538
871.3370723429136 290538
847.2591386325657 290538
847.2591386325657 290538
847.2591386325657 290538
1124.5718177771196 290538
847.2591386325657 290538
847.2591386325657 290538
847.2591386325657 290538
847.2591386325657 290538
847.2591386325657 290538
847.2591386325657 290538
847.2591386325657 290538
847.2591386325657 290538
847.2591386325657 290538
896.3799742771313 290538
896.3799742771313 290538
871.3370723429136 290538
847.2591386325657 290538
847.2591386325657 290538
847.2591386325657 290538
847.2591386325657 290538
847.2591386325657 290538
847.2591386325657 290538
871.3370723429136 290538
871.3370723429136 290538
871.3370723429136 290538
871.3370723429136 290538
871.3370723429136 290538
871.3370723429136 290538
847.2591386325657 290538
847.2591386325657 290538
847.2591386325657 290538
847.2591386325657 290538
896.3799742771313 290538
871.3370723429136 290538
847.2591386325657 290538
847.2591386325657 290538
847.2591386325657 290538
847.2591386325657 290538
847.2591386325657 290538
847.8123504058458 290538
896.3799742771313 290538
847.2591386325657 290538
847.2591386325657 290538
847.8123504058458 290538
896.3799742771313 290538
896.3799742771313 290538
896.3799742771313 290538
896.3799742771313 290538
896.3799742771313 290538
896.3799742771313 290538
896.3799742771313 290538
896.3799742771313 290538
928.3895823427787 290538
909.0622532819398 290538
847.2591386325657 290538
924.3843894578102 290538
847.2591386325657 290538
847.2591386325657 290538
896.3799742771313 290538
871.7704946417361 290538
847.2591386325657 290538
847.2591386325657 290538
847.8123504058458 290538
871.7704946417361 290538
847.8123504058458 290538
847.8123504058458 290538
847.8123504058458 290538
847.8123504058458 290538
847.8123504058458 290538
847.8123504058458 290538
847.8123504058458 290538
847.8123504058458 290538
847.8123504058458 290538
847.8123504058458 290538
847.8123504058458 290538
847.8123504058458 290538
847.8123504058458 290538
847.8123504058458 290538
847.8123504058458 290538
847.8123504058458 290538
847.8123504058458 290538
847.8123504058458 290538
847.8123504058458 290538
847.8123504058458 290538
847.8123504058458 290538
847.2591386325657 290538
847.2591386325657 290538
847.2591386325657 290538
847.2591386325657 290538
896.3799742771313 290538
896.3799742771313 290538
847.6614744677631 290538
847.2591386325657 290538
847.2591386325657 290538
990.447261019765 290538
847.2591386325657 290538
1103.3019392664235 290538
1103.3019392664235 290538
1074.5588708030991 290538
847.2591386325657 290538
983.6389779347926 290538
983.6389779347926 290538
1124.5718177771196 290538
847.2591386325657 290538
992.7275055361996 290538
992.7275055361996 290538
1109.9437809368699 290538
847.6614744677631 290538
1074.5588708030991 290538
990.447261019765 290538
1132.16015201093 290538
1132.16015201093 290538
990.447261019765 290538
1132.16015201093 290538
990.447261019765 290538
847.2591386325657 290538
1074.5588708030991 290538
1074.5588708030991 290538
1074.5588708030991 290538
847.2591386325657 290538
1124.5718177771196 290538
1167.7727786828764 290538
1124.5718177771196 290538
847.2591386325657 290538
1109.1300843508448 290538
1178.2149502534885 290538
1109.9437809368699 290538
847.6614744677631 290538
847.2591386325657 290538
847.2591386325657 290538
847.6496410609278 290538
1074.5588708029438 290538
1074.5588708029438 290538
847.2591386325657 290538
847.2591386325657 290538
893.7970770727843 909538
911.5038645252586 909538
838.0060362312943 909538
838.0060362312943 909538
1066.6560056963935 310420
1162.8486622725613 310420
1224.1841778364033 310420
1224.1841778364033 310420
1263.1560452207923 793815
1263.1560452207923 793815
1263.1560452207923 793815
1263.1560452207923 793815
976.6796766407788 299994
976.6796766407788 299994
1071.0682086087763 299994
1071.0682086087763 299994
1085.2448148859871 201337
1098.3872317338569 201337
1028.6561443731189 201337
1028.6561443731189 201337
980.8425742103053 768912
1008.5858093012745 768912
1228.323074694723 768912
1228.323074694723 768912
998.6923262064478 768794
1034.0008194382701 768794
861.9648914411664 768794
861.9648914411664 768794
931.2491375124082 148536
931.2491375124082 148536
856.2742838189006 148536
856.2742838189006 148536
1115.954114255185 890885
1076.5983706718932 890885
1126.1950947288424 890885
1126.1950947288424 890885
1199.0390396488033 852888
1178.302784346044 852888
1273.9629354346544 852888
1273.9629354346544 852888
939.9847243204713 365080
983.6249438401312 365080
1040.2800957895815 365080
1040.2800957895815 365080
1153.9873771373182 233377
1212.4485023580492 233377
1264.2959523834288 233377
1264.2959523834288 233377
1112.7877541549503 225574
1123.4179668940603 225574
1250.7350955996662 225574
1250.7350955996662 225574
1140.0054119415581 828104
1190.8169174645095 828104
1266.897172793746 828104
1266.897172793746 828104
981.8543029217316 676239
995.181057128257 676239
833.8601784165949 676239
833.8601784165949 676239
1075.6648216806352 522308
1076.4160214231483 522308
1046.7765297107399 522308
1046.7765297107399 522308
1073.8785009142011 66444
982.7184249557555 66444
1141.873341910541 66444
1141.873341910541 66444
1039.2700590261568 611580
1002.8578421690812 611580
881.1526525244117 611580
881.1526525244117 611580
961.5781885473989 729303
944.5016264892183 729303
904.8680417463183 729303
904.8680417463183 729303
1022.9020752895934 199643
1020.6154844487706 199643
1236.2576371414277 199643
1236.2576371414277 199643
1081.4202270973474 117189
1106.4566257674246 117189
1099.0711991619319 117189
1099.0711991619319 117189
1040.8734006009374 899336
1071.827818377316 899336
971.1753702741116 899336
971.1753702741116 899336
1096.8929464232176 361201
1114.80873243995 361201
1051.36577668041 361201
1051.36577668041 361201
1230.7429468158632 394590
1230.7429468158632 394590
1230.946932706982 394590
1230.946932706982 394590
1041.3347414053976 899195
1038.2116914425046 899195
805.762433797121 899195
805.762433797121 899195
988.7290231559891 500091
1018.2383786044084 500091
909.2241104561836 500091
909.2241104561836 500091
1088.1303183883429 631323
1128.4928829030443 631323
1253.848179994151 631323
1253.848179994151 631323
1000.8845075449595 285948
1000.8845075449595 285948
883.4333991222084 285948
883.4333991222084 285948
1066.08447274273 4096
1066.5094034639853 4096
1175.7543935216963 4096
1175.7543935216963 4096
968.9966599387782 995694
968.9966599387782 995694
1025.6200678031892 995694
1025.6200678031892 995694
1063.558560385555 589703
1112.3794869430362 589703
908.1837512161583 589703
908.1837512161583 589703
1171.1607465390116 5962
1171.1607465390116 5962
1293.9558004494756 5962
1293.9558004494756 5962
1057.8594426121563 830047
1057.8594426121563 830047
818.7601855508983 830047
818.7601855508983 830047
980.8509855783648 319530
1009.9843592209121 319530
848.6482304632664 319530
848.6482304632664 319530
1041.7279064965744 557745
1087.959040010969 557745
1271.3480030186474 557745
1271.3480030186474 557745
959.5491534177214 652202
1017.1156586837023 652202
801.0112828113139 652202
801.0112828113139 652202
1075.3690734577056 553793
1056.2512406986207 553793
990.6024432517588 553793
990.6024432517588 553793
1106.314880409278 884108
1106.314880409278 884108
1213.8124660952017 884108
1213.8124660952017 884108
1011.2139643477276 898233
1011.2139643477276 898233
1007.1780713312328 898233
1007.1780713312328 898233
962.9507064220185 996114
938.7336999066174 996114
887.9202987551689 996114
887.9202987551689 996114
877.5947717763484 497459
877.5947717763484 497459
858.8691606856883 497459
858.8691606856883 497459
905.6310394518077 146660
905.6310394518077 146660
1075.9244088393946 146660
1075.9244088393946 146660
1041.6650255298507 49340
1097.958362779713 49340
942.226579539744 49340
942.226579539744 49340
1114.4747646316887 6275
1135.0943533148616 6275
1154.0534299492836 6275
1154.0534299492836 6275
1002.6985567218313 168584
1045.6050430610776 168584
1006.4709581844509 168584
1006.4709581844509 168584
984.9653245617325 431307
983.1443045148626 431307
881.7392299254425 431307
881.7392299254425 431307
1143.5511832088232 327829
1143.5511832088232 327829
1034.1405902393162 327829
1034.1405902393162 327829
1120.0302848259785 486411
1132.383390496618 486411
1091.8075829520822 486411
1091.8075829520822 486411
964.7220132758634 85471
953.7689514431274 85471
1211.2320310504485 85471
1211.2320310504485 85471
1070.8385372268544 789034
1070.8385372268544 789034
857.4801812583411 789034
857.4801812583411 789034
1112.7976401416586 886174
1112.7976401416586 886174
1173.3824071850288 886174
1173.3824071850288 886174
1231.0798481274396 968871
1231.0798481274396 968871
1231.0798481274396 968871
1231.0798481274396 968871
959.8918432630599 888121
959.8918432630599 888121
959.8918432630599 888121
959.8918432630599 888121
1085.2351960781962 302512
1085.2351960781962 302512
1051.5698613896966 302512
1051.5698613896966 302512
1027.8851151822341 254922
1057.3311969770325 254922
1266.2038617026474 254922
1266.2038617026474 254922
1022.8924022354186 602451
1026.6107859577983 602451
1001.8029412068427 602451
1001.8029412068427 602451
1010.853823142747 86904
1010.853823142747 86904
1064.1787769061823 86904
1064.1787769061823 86904
1085.0511969091992 969585
1074.1604923512787 969585
1117.1342247184366 969585
1117.1342247184366 969585
944.6757952906191 930192
944.6757952906191 930192
963.3216399811208 930192
963.3216399811208 930192
961.0884778928012 139635
961.0884778928012 139635
961.0884778928012 139635
961.0884778928012 139635
1026.008217386529 472927
1052.735084226355 472927
1127.0410321243107 472927
1127.0410321243107 472927
1125.9086730800568 141124
1207.39602076523 141124
1249.8994384828954 141124
1249.8994384828954 141124
1044.9828495715435 850105
1078.0019158624734 850105
1101.633655704558 850105
1101.633655704558 850105
1066.2527000398065 71061
1066.2527000398065 71061
1032.678139671373 71061
1032.678139671373 71061
1100.616004564134 708653
1104.709120218509 708653
888.7455631904304 708653
888.7455631904304 708653
941.4359556545636 377443
910.9923873940216 377443
1183.7720974276308 377443
1183.7720974276308 377443
1289.1202880796045 170019
1289.1202880796045 170019
1289.1202880796045 170019
1289.1202880796045 170019
996.9834936852567 781763
969.6806339346804 781763
844.0029709441587 781763
844.0029709441587 781763
1022.9791562380269 386778
1022.9791562380269 386778
802.7911829724908 386778
802.7911829724908 386778
1072.2148455936463 838841
1072.2148455936463 838841
1078.4730484258384 838841
1078.4730484258384 838841
995.061397691723 607262
971.9054610249586 607262
1076.3824497233145 607262
1076.3824497233145 607262
1058.6098329802044 186636
1109.403206708841 186636
969.1338157155551 186636
969.1338157155551 186636
982.1053768196143 680028
983.4217557371594 680028
1097.7056995593011 680028
1097.7056995593011 680028
1026.773978530243 23352
1037.9684440605342 23352
1292.348806951195 23352
1292.348806951195 23352
1114.8005120474845 478953
1087.454776692018 478953
1088.3673861020554 478953
1088.3673861020554 478953
1148.6608006047707 410940
1148.6608006047707 410940
1190.1211815588176 410940
1190.1211815588176 410940
1047.9272464677692 457000
1029.7350384583697 457000
1023.1033286303282 457000
1023.1033286303282 457000
984.1481033889577 102207
984.1481033889577 102207
964.3391368091106 102207
964.3391368091106 102207
997.1009542196989 592288
997.1009542196989 592288
997.1009542196989 592288
997.1009542196989 592288
989.3516538199037 783673
989.3516538199037 783673
1165.1785970721394 783673
1165.1785970721394 783673
1170.2443456985056 766519
1112.9980297990971 766519
1250.6175766255706 766519
1250.6175766255706 766519
1097.6947762878347 685743
1078.050538356815 685743
1284.3734110407531 685743
1284.3734110407531 685743
1037.3618610017002 820085
1056.1300676944 820085
856.6424470953643 820085
856.6424470953643 820085
1081.6769158113748 810388
1081.6769158113748 810388
989.7128580790013 810388
989.7128580790013 810388
1117.355725178495 444326
1059.5059017060946 444326
947.9807855337858 444326
947.9807855337858 444326
1090.8391731493175 710863
1085.5126915002863 710863
817.8788110613823 710863
817.8788110613823 710863
1008.9438024166972 524414
961.408600198105 524414
1064.9557344645261 524414
1064.9557344645261 524414
1050.1306110505016 178585
1042.2786029931158 178585
1183.6378347788007 178585
1183.6378347788007 178585
1038.8700911194087 409993
983.2424350298941 409993
958.6666126411408 409993
958.6666126411408 409993
904.028361084738 267901
928.0617471465042 267901
854.4321399695639 267901
854.4321399695639 267901
1114.4217489260648 178077
1114.4217489260648 178077
1070.0637014172971 178077
1070.0637014172971 178077
1096.025926610455 606969
1096.025926610455 606969
894.6112007983029 266023
915.3183584647874 266023
906.5677197147161 266023
906.5677197147161 266023
958.3769864123315 742696
963.9342911178246 742696
1219.734687388409 742696
1219.734687388409 742696
1042.8844853093226 202338
1042.8844853093226 202338
970.0379476621747 202338
970.0379476621747 202338
1006.8218795424327 551856
1004.0976525127887 551856
993.200744394213 551856
993.200744394213 551856
1032.373297120134 167231
1053.198673720782 167231
966.3860877342522 167231
966.3860877342522 167231
1048.3924500032638 633980
1116.6219727192074 633980
1082.8429415414907 633980
1082.8429415414907 633980
1099.2518950711935 236431
1048.5039710137994 236431
998.9665704440325 236431
998.9665704440325 236431
1141.4937036283313 183083
1152.413307645917 183083
1164.2646898552775 183083
1164.2646898552775 183083
1070.7075183562933 167044
1045.413604544848 167044
1166.3662986531854 167044
1166.3662986531854 167044
1097.0948447478004 711361
1105.4346972492058 711361
1173.2260193927214 711361
1173.2260193927214 711361
1000.9094276794543 774777
1145.8369288189958 774777
851.9694412543128 774777
851.9694412543128 774777
1046.9605329738308 101751
1046.9605329738308 101751
992.1512347466002 101751
992.1512347466002 101751
962.8377161124455 471745
962.8377161124455 471745
909.3935853913426 471745
909.3935853913426 471745
941.5632481694754 962561
935.3524912151375 962561
849.8990105055273 962561
849.8990105055273 962561
1004.1430870827287 721789
1058.1403084818273 721789
869.7556482288986 721789
869.7556482288986 721789
1068.4115629854302 468238
1067.1985837345321 468238
985.753723885864 468238
985.753723885864 468238
1155.2568745731842 51584
1155.2568745731842 51584
1035.7088198733982 51584
1035.7088198733982 51584
1022.8822574594783 539053
1000.7594406083226 539053
1049.787884183228 539053
1049.787884183228 539053
1060.4834133208626 824392
1042.9698289392722 824392
1179.079870812595 824392
1179.079870812595 824392
1028.7868480701 943808
1028.7868480701 943808
1068.8566741086543 943808
1068.8566741086543 943808
988.9050718341023 360657
988.9050718341023 360657
1172.2644152604043 360657
1172.2644152604043 360657
1031.2215843368322 43462
977.3395361769944 43462
1246.2538096942008 43462
1246.2538096942008 43462
991.6725362665951 282109
918.8947855308652 282109
986.6406071484089 282109
986.6406071484089 282109
1081.4470490608364 943802
1081.4470490608364 943802
1139.154090065509 943802
1139.154090065509 943802
991.4513338112405 506506
991.4513338112405 506506
824.1787460930645 506506
824.1787460930645 506506
984.2722158109149 14373
1000.670618702968 14373
881.1290602944791 14373
881.1290602944791 14373
1061.3131596005212 906566
1045.925212457155 906566
1236.2826890014112 906566
1236.2826890014112 906566
982.3602644354105 257196
975.1549301318204 257196
951.6097830496728 257196
951.6097830496728 257196
1099.1506725583226 836491
1099.1506725583226 836491
1220.8000910393894 836491
1220.8000910393894 836491
954.0168823627755 224197
933.4803476738743 224197
929.4605389609933 224197
929.4605389609933 224197
1015.0678756104576 940687
1005.741972591728 940687
800.5817180648446 940687
800.5817180648446 940687
1244.0491237454116 19340
1244.0491237454116 19340
1244.0491237454116 19340
1244.0491237454116 19340
905.2762111648917 594793
905.2762111648917 594793
905.2762111648917 594793
905.2762111648917 594793
915.2998424532512 839115
915.2998424532512 839115
959.7023053281009 839115
959.7023053281009 839115
1104.9825445810955 613522
1104.9825445810955 613522
950.8807397633791 613522
950.8807397633791 613522
1100.6061278908617 64776
1103.2620395786232 64776
1167.3963776156306 64776
1167.3963776156306 64776
982.6617303069681 572741
997.5961831152439 572741
961.9505341015756 572741
961.9505341015756 572741
1001.1084430751702 957401
1001.1084430751702 957401
805.3342088311911 957401
805.3342088311911 957401
1172.4162173233926 579560
1172.4162173233926 579560
1202.4375943951309 579560
1202.4375943951309 579560
881.1498456597328 339615
881.1498456597328 339615
881.1498456597328 339615
881.1498456597328 339615
1116.8208242692053 555208
1116.8208242692053 555208
1116.8208242692053 555208
1116.8208242692053 555208
1105.3865154229104 571606
1096.1208912722766 571606
1232.4260145500302 571606
1232.4260145500302 571606
928.5134583346546 457749
888.791859716177 457749
934.7429846152663 457749
934.7429846152663 457749
979.3286730864396 217957
920.6738082872083 217957
1228.4648033082485 217957
1228.4648033082485 217957
1126.997638322413 799681
1126.997638322413 799681
842.4859674572945 799681
842.4859674572945 799681
1000.1070668718645 372307
1000.1070668718645 372307
801.4283852800727 372307
801.4283852800727 372307
979.9689950001027 586066
971.2906668490419 586066
1011.0194766446948 586066
1011.0194766446948 586066
1115.7505474379286 67672
1100.0120933791623 67672
1078.9246408119798 67672
1078.9246408119798 67672
896.5832982622087 915919
896.5832982622087 915919
848.1751228943467 915919
848.1751228943467 915919
1127.5620995618403 563233
1127.5620995618403 563233
1159.7523457556963 563233
1159.7523457556963 563233
984.6640141392127 936719
1049.6458459924906 936719
830.4975018501282 936719
830.4975018501282 936719
1033.4097294872627 905426
995.4805520018563 905426
932.5017242506146 905426
932.5017242506146 905426
1001.7632778538391 857775
993.0326690943912 857775
1069.5532896183431 857775
1069.5532896183431 857775
1081.9184642016887 174384
1136.0247065760195 174384
1172.899426843971 174384
1172.899426843971 174384
1084.856955576688 855637
1084.856955576688 855637
1234.471618246287 855637
1234.471618246287 855637
1006.243165904656 634974
986.1526021678001 634974
973.5488087944686 634974
973.5488087944686 634974
956.956148753874 953845
956.956148753874 953845
855.9112143591046 953845
855.9112143591046 953845
1104.028075966239 971344
1115.9533432044088 971344
1029.3674265146255 971344
1029.3674265146255 971344
989.0198843936835 108067
999.6888566526274 108067
902.8763661049306 108067
902.8763661049306 108067
1166.628472441009 822798
1162.944326886109 822798
1096.410759281367 822798
1096.410759281367 822798
1077.3731173276901 395147
1077.3731173276901 395147
917.0211058296263 395147
917.0211058296263 395147
1097.0423353177805 212755
1036.211168328921 212755
806.5308509096503 212755
806.5308509096503 212755
1042.2140662606273 135205
1103.3192213938705 135205
846.621952496469 135205
846.621952496469 135205
1010.0505802214145 790133
1010.0505802214145 790133
1103.8058163784444 790133
1103.8058163784444 790133
985.5880129031837 151078
997.6943872690201 151078
1212.0171843878925 151078
1212.0171843878925 151078
1159.4342317292467 143380
1216.7362299524248 143380
1021.2652413696051 143380
1021.2652413696051 143380
1099.1338878683746 46085
1125.9044319801033 46085
1276.0948800593615 46085
1276.0948800593615 46085
1110.413097581963 290538
847.6496410609278 290538
872.0362676043529 290538
990.447261019765 290538
990.447261019765 290538
1115.4167810855756 290538
1102.0751082555455 290538
847.2591386325657 290538
1088.9304050346836 290538
1088.9304050346836 290538
847.2591386325657 290538
847.2591386325657 290538
1088.9304050346836 290538
1084.0021472617984 290538
1042.8571893023327 290538
847.2591386325657 290538
847.2591386325657 290538
847.2591386325657 290538
847.2591386325657 290538
847.2591386325657 290538
847.2591386325657 290538
847.2591386325657 290538
1042.8571893023327 290538
1042.8571893023327 290538
847.2591386325657 290538
847.2591386325657 290538
847.2591386325657 290538
847.2591386325657 290538
847.5752596458686 290538
847.5752596458686 290538
847.5752596458686 290538
847.5752596458686 290538
914.7887508943677 290538
914.7887508943677 290538
847.2591386325657 290538
914.7887508943677 290538
914.7887508943677 290538
914.7887508943677 290538
914.7887508943677 290538
914.7887508943677 290538
1053.0413624444711 290538
1084.0021472617984 290538
1088.9304050346836 290538
847.2591386325657 290538
914.7887508943677 290538
950.5213993948328 290538
914.7887508943677 290538
914.7887508943677 290538
914.7887508943677 290538
914.7887508943677 290538
914.7887508943677 290538
914.7887508943677 290538
914.7887508943677 290538
914.7887508943677 290538
914.7887508943677 290538
914.7887508943677 290538
914.7887508943677 290538
914.7887508943677 290538
914.7887508943677 290538
914.7887508943677 290538
914.7887508943677 290538
914.7887508943677 290538
914.7887508943677 290538
847.9967543302724 290538
914.7887508943677 290538
950.5213993948328 290538
847.2591386325657 290538
847.4293576398358 290538
847.2591386325657 290538
847.2591386325657 290538
847.2591386325657 290538
847.2591386325657 290538
847.2591386325657 290538
847.2591386325657 290538
847.2591386325657 290538
847.4293576398358 290538
847.2591386325657 290538
847.2591386325657 290538
847.2591386325657 290538
1117.3715244739158 290538
901.521236075299 290538
912.7944946637184 290538
901.521236075299 290538
901.521236075299 290538
901.521236075299 290538
912.7944946637184 290538
901.521236075299 290538
901.521236075299 290538
912.7944946637184 290538
912.7944946637184 290538
912.7944946637184 290538
912.7944946637184 290538
912.7944946637184 290538
854.0753240615751 290538
854.0753240615751 290538
1113.3458371718773 290538
1192.9249274563383 290538
912.7944946637184 290538
1117.3715244739158 290538
1115.4167810855756 290538
854.0753240615751 290538
854.0753240615751 290538
854.0753240615751 290538
854.0753240615751 290538
854.0753240615751 290538
854.0753240615751 290538
1113.5876104061824 290538
1182.2673215692494 290538
1121.8195608879175 290538
910.2340659922015 290538
1033.6661967297377 290538
914.594174973759 290538
914.594174973759 290538
893.377353821635 290538
893.377353821635 290538
893.377353821635 290538
893.377353821635 290538
893.377353821635 290538
1117.0589030134372 290538
1117.0589030134372 290538
1109.3345999446642 290538
1109.3345999446642 290538
1109.3345999446642 290538
