0.0 1
113827.00149524985 1
0.0 1
21892.969000429213 1
0.0 1
21892.969000429213 1
21892.969000429213 1
21892.969000429213 1
12743.485179903792 1
5374.8967976567465 1
3624.896797656746 1
3709.9396400694386 1
12353.314109909916 1
12353.314109909916 1
12240.068320346152 1
12240.068320346152 1
5976.41435544024 1
5991.7268938529305 1
5991.7268938529305 1
0.0 1
0.0 1
2003.1941733554413 1
0.0 1
0.0 1
0.0 1
0.0 1
0.0 1
0.0 1
0.0 1
1082.8963740545096 0
999.3387996352485 0
1164.2135107882773 1
1164.2135107882773 1
982.9625099620304 1
1439.9116384800072 1
1439.9116384800072 1
1004.5 1
1092.8655025782452 1
1092.8655025782452 1
18227.1546089925 1
18227.1546089925 1
18227.1546089925 1
18227.1546089925 1
18227.1546089925 1
88890.62372730726 1
88890.62372730726 1
5676.1661289972735 1
5676.1661289972735 1
88890.62372730726 1
0.0 1
95046.61129604322 1
0.0 1
95046.61129604322 1
653.3423221531169 1
662.2886543253748 1
8422.57628499798 1
5140.571721579647 1
8422.57628499798 1
95053.28294642626 1
56918.995702661574 1
8422.571301292433 1
8617.802154738534 1
5216.638376395567 1
5216.455669344131 1
8617.619447687097 1
5216.455669344131 1
5227.979040120612 1
6006.0 1
6006.0 1
5221.945712205798 1
5221.945712205798 1
8623.109490548764 1
8623.109490548764 1
8623.09453920337 1
5221.930760860482 1
991.9829884313513 1
1000.9293206036091 1
991.9829884313513 1
35660.88097851535 1
59354.67823529482 1
59354.67823529482 1
56860.67789176394 1
34177.95978481166 1
8618.713113268828 1
5232.780917714612 1
1092.8655025782452 1
1092.8655025782452 1
1768.5848041251982 1
8618.713113268828 1
8618.713113268828 1
8618.713113268828 1
8618.706048225295 1
8618.698989314638 1
0.0 1
0.0 1
8628.03882855431 1
8628.031769643654 1
8628.031769643654 1
8628.031769643654 1
1.0 1
1.0 1
1.0 1
1455.209010225323 1
1455.209010225323 1
1.0 1
42948.149198559135 1
23947.948495453504 1
5805.137336707131 1
12437.244392065195 1
56860.6708267204 1
34177.95271976815 1
12437.244392065195 1
12437.244392065195 1
193620.86526569995 1
193620.86526569995 1
193620.86526569995 1
193620.86526569995 1
193620.86526569995 1
193620.86526569995 1
193620.86526569995 1
193620.86526569995 1
193620.86526569995 1
193620.86526569995 1
0.0 290538
647990.6748509714 290538
0.0 290538
0.0 290538
0.0 290538
352253.54172128974 290538
0.0 909538
278436.887317052 909538
278740.048988929 909538
189645.29208321392 909538
361129.30794024514 310420
289259.64877165697 310420
262841.22229347413 310420
195783.30061421977 310420
392710.8878665429 793815
313626.13047109527 793815
282723.37949988764 793815
211990.64839460043 793815
476466.82740195165 299994
383821.9070990751 299994
382815.177224882 299994
260248.64260435733 299994
0.0 201337
0.0 201337
0.0 201337
0.0 201337
0.0 768912
0.0 768912
0.0 768912
232415.67283188296 768912
549448.1758243712 768794
440616.1436481017 768794
417021.91214559576 768794
307037.1770032127 768794
629815.0047337739 148536
508137.12570334174 148536
515502.5459889448 148536
357460.3398287971 148536
503264.01695772586 890885
405425.4703660785 890885
354760.4570624557 890885
272362.10212812334 890885
546355.8975222763 852888
440558.62686937116 852888
419455.94205453736 852888
295980.7848276377 852888
488206.24191675195 365080
389318.0397776767 365080
373431.70596500696 365080
261480.87845567235 365080
0.0 233377
446047.78637564415 233377
400231.098349981 233377
299597.2484577382 233377
0.0 225574
0.0 225574
0.0 225574
0.0 225574
627802.7113150965 828104
505441.94292334997 828104
497964.8138792945 828104
344361.1907385571 828104
501033.47169148456 676239
402766.7476239183 676239
367373.1267634365 676239
274355.6795430933 676239
466823.00094772875 522308
375723.61190453335 522308
368241.9587300693 522308
258526.3456668233 522308
0.0 66444
0.0 66444
0.0 66444
0.0 66444
0.0 611580
0.0 611580
0.0 611580
208811.38627568586 611580
342115.8469656383 729303
275695.7234408862 729303
258941.01734872302 729303
189026.94532057238 729303
393233.9376546524 199643
313639.9621998903 199643
320026.97462331876 199643
219798.37173924735 199643
547224.2647667767 117189
440564.48552690377 117189
419176.30360128544 117189
295966.3106896165 117189
0.0 899336
0.0 899336
0.0 899336
0.0 899336
638175.4528890178 361201
518820.6329884357 361201
491687.7518322519 361201
348629.3718712777 361201
0.0 394590
0.0 394590
0.0 394590
350437.2181183053 394590
0.0 899195
0.0 899195
0.0 899195
0.0 899195
347159.5514735218 500091
278438.6974448029 500091
274780.3267347021 500091
187905.23462509262 500091
515411.6261918244 631323
413597.1673957684 631323
380213.2846996498 631323
281649.92897460423 631323
391051.7826067563 285948
313589.0287361536 285948
313739.6783370017 285948
212461.39735350074 285948
0.0 4096
0.0 4096
0.0 4096
0.0 4096
0.0 995694
0.0 995694
0.0 995694
0.0 995694
532706.744531828 589703
429680.8956358945 589703
438884.7006685389 589703
305200.8065742119 589703
360337.038469648 5962
289260.42363199545 5962
277268.25047792634 5962
195342.8204669915 5962
649580.0680621583 830047
519001.2408425007 830047
485116.10740666 830047
348622.2947752923 830047
556477.3909054874 319530
448668.0555777792 319530
426944.8620470911 319530
301428.20600237325 319530
495242.04833332263 557745
397367.205575482 557745
352060.6303577516 557745
266922.29766953434 557745
0.0 652202
437793.57987346314 652202
387371.06880126055 652202
294150.7106557861 652202
0.0 553793
0.0 553793
0.0 553793
0.0 553793
468882.57052499027 884108
375754.28980271675 884108
368033.9360179547 884108
256278.56303657498 884108
357177.174237092 898233
286585.14803644456 898233
240257.92887838045 898233
193288.65817756037 898233
451353.3613859983 996114
362235.9626438017 996114
364552.5550119967 996114
247643.43561633336 996114
0.0 497459
0.0 497459
0.0 497459
0.0 497459
0.0 146660
0.0 146660
0.0 146660
0.0 146660
456531.5163356825 49340
367626.5516835212 49340
355181.6376338061 49340
252696.11109962282 49340
584773.4195894473 6275
467705.2898006113 6275
478293.2347439551 6275
320428.43352876883 6275
583036.2233743281 168584
470273.3621459529 168584
450111.85306224367 168584
315939.14085481595 168584
511447.0456417147 431307
413502.71870219335 431307
387637.83974878304 431307
277823.7193276342 431307
655834.1237966623 327829
529722.5114707295 327829
507418.74622345064 327829
355892.08406230435 327829
0.0 486411
437921.8039636761 486411
370551.0588030061 486411
294150.0197168365 486411
0.0 85471
0.0 85471
0.0 85471
248163.92475268897 85471
448645.44225578755 789034
362170.69604574144 789034
306960.828685313 789034
244345.35641694683 789034
501782.3077756893 886174
405417.2817203949 886174
383793.16114584217 886174
276722.1146382273 886174
374360.5077352491 968871
300041.6381756148 968871
289832.00114367343 968871
203151.78438399886 968871
0.0 888121
0.0 888121
0.0 888121
0.0 888121
0.0 302512
0.0 302512
0.0 302512
0.0 302512
457240.4290476572 254922
367581.12396363606 254922
334389.7234883951 254922
252328.74388469663 254922
443463.42015124625 602451
359447.0726174698 602451
337867.92406938924 602451
242380.30313700344 602451
480763.34887040267 86904
386524.87749796966 86904
358903.5264305952 86904
259651.84373506205 86904
410399.91608743556 969585
327142.4123423295 969585
307079.2156595662 969585
219720.6702340627 969585
394155.96372422157 930192
318910.5369171519 930192
253170.17628765805 930192
214266.43307150155 930192
0.0 139635
486596.19673066214 139635
436744.5502868444 139635
326833.87672964856 139635
0.0 472927
0.0 472927
0.0 472927
0.0 472927
642929.977372388 141124
518921.6191578905 141124
508848.4933228915 141124
353364.63759402063 141124
612623.9071659489 850105
494607.6774886263 850105
446411.16722081974 850105
337938.59018652746 850105
417514.96227252577 71061
337836.7363483645 71061
331624.27060142223 71061
232410.37659824206 71061
0.0 708653
0.0 708653
0.0 708653
0.0 708653
0.0 377443
0.0 377443
0.0 377443
187023.0249746181 377443
498885.77733424865 170019
402673.4629246462 170019
390750.6236021866 170019
276922.34790338203 170019
519848.3045722302 781763
418962.40947182383 781763
423378.75280560553 781763
296899.0051585827 781763
501902.7997616716 386778
402763.032024513 386778
359046.72171714436 386778
270545.9846239332 386778
561345.1172770895 838841
451400.81354656257 838841
431716.85638233833 838841
303243.85243007354 838841
421826.1087934505 607262
340550.0276299659 607262
286901.7098653903 607262
228792.3332286775 607262
0.0 186636
0.0 186636
0.0 186636
359516.0431883205 186636
0.0 680028
0.0 680028
0.0 680028
258138.3538276665 680028
418771.61204754 23352
337851.32685149024 23352
305199.07781991595 23352
229597.35353920935 23352
606741.9943645736 478953
489252.13843701157 478953
499600.28729665466 478953
339154.8966999436 478953
527055.7642953424 410940
421736.20196114574 410940
419756.16117233224 410940
290382.92654625577 410940
0.0 457000
0.0 457000
0.0 457000
0.0 457000
0.0 102207
0.0 102207
0.0 102207
0.0 102207
460226.9072789727 592288
367663.2852817091 592288
351558.6746186583 592288
252724.85138404495 592288
510250.5442496445 783673
410862.58571500704 783673
416096.5157696502 783673
281774.11412617005 783673
593006.498186795 766519
475691.82114645 766519
454462.48807298206 766519
319572.1715177316 766519
445187.3007640224 685743
359465.88980894163 685743
334626.8115583807 685743
241509.56142828986 685743
531970.6528238412 820085
429727.79009906016 820085
383206.37790856045 820085
288716.3908287361 820085
369636.12837076373 810388
299960.89067222364 810388
245740.93069007434 810388
201549.16763817891 810388
0.0 444326
0.0 444326
0.0 444326
0.0 444326
613790.0579726746 710863
494617.4436246858 710863
485993.8557044013 710863
339476.7225414696 710863
387788.8658985843 524414
310890.631960898 524414
276605.6807891731 524414
213116.6292489958 524414
378868.30033631343 178585
305437.51238599047 178585
297577.67804966 178585
208185.4406413374 178585
0.0 409993
0.0 409993
0.0 409993
0.0 409993
0.0 267901
0.0 267901
0.0 267901
0.0 267901
609196.5108380225 178077
489248.449167951 178077
491925.40563199203 178077
336515.70600374043 178077
446793.55176587217 606969
362153.26961514447 606969
361616.3232083749 606969
250719.4610837726 606969
475429.39457542356 266023
381147.72228146065 266023
349082.2642585747 266023
256020.69857889786 266023
404201.74435200915 742696
321747.4319799151 742696
303134.0010841135 742696
216089.25509091094 742696
468356.33177110925 202338
373074.9279686278 202338
328277.8979129875 202338
250580.85601887293 202338
484363.6392766759 551856
386601.3315590266 551856
381038.4258584203 551856
262831.3212883575 551856
504099.3912872635 167231
408075.3907653056 167231
382290.00566112436 167231
281872.4583266219 167231
500616.0338922236 633980
405370.7214769013 633980
329317.7358054463 633980
272361.9484615084 633980
0.0 236431
0.0 236431
0.0 236431
272819.6938034259 236431
0.0 183083
0.0 183083
0.0 183083
0.0 183083
0.0 167044
0.0 167044
0.0 167044
0.0 167044
582143.6044443883 711361
464987.8048511632 711361
451917.3530325191 711361
319045.68359762896 711361
668101.9420997873 774777
535230.8075467665 774777
517346.04145619273 774777
359515.81350074895 774777
589873.8194297627 101751
473001.77281016205 101751
479019.1078895433 101751
331519.6349306423 101751
448551.27338789497 471745
362168.8561889427 471745
345443.6044534128 471745
243317.9929998424 471745
442443.40008226037 962561
354132.0111861788 962561
299394.3246358 962561
242670.53676506132 962561
568571.8013654146 721789
459498.4757230487 721789
383738.6137153497 721789
313690.6629762314 721789
472766.82704661135 468238
383775.3042727585 468238
365466.0485607125 468238
265205.33529420383 468238
590143.0574574433 51584
475661.7725780799 51584
470139.8693974223 51584
330510.87837300944 51584
445807.71088923514 539053
359483.92143524747 539053
348749.85739618476 539053
249743.71039768742 539053
578778.9718900109 824392
464933.28132864553 824392
457177.3018295113 824392
322688.9342009602 824392
457503.52223548916 943808
370253.55957392295 943808
336602.7189486674 943808
251715.3949215535 943808
390818.1061472048 360657
313586.2847396874 360657
281677.3778708 360657
211996.43511026306 360657
0.0 43462
0.0 43462
0.0 43462
0.0 43462
0.0 282109
0.0 282109
0.0 282109
0.0 282109
0.0 943802
0.0 943802
417714.1688315477 943802
310506.60156823136 943802
421390.45905643515 506506
340586.2302734405 506506
325802.88522846624 506506
231718.94573920965 506506
560486.5937959915 14373
454032.4729636411 14373
442293.85237067443 14373
311972.92257574666 14373
414687.8890377693 906566
332502.1219191514 906566
337540.53945296817 906566
230803.44220334291 906566
0.0 257196
0.0 257196
0.0 257196
0.0 257196
0.0 836491
0.0 836491
0.0 836491
0.0 836491
0.0 224197
0.0 224197
0.0 224197
0.0 224197
485454.01585967094 940687
394522.07416336983 940687
401832.5909096822 940687
283638.4667042047 940687
512166.50721460953 19340
413560.2303332323 19340
361664.4742724523 19340
277809.3341605123 19340
531116.5392406397 594793
429734.5685827127 594793
418786.99291798845 594793
294955.567713581 594793
422269.9237669073 839115
343189.59867505357 839115
338172.22605679557 839115
234044.06726841442 839115
559604.9756143168 613522
451359.91485356446 613522
404018.6274857968 613522
305757.5118233499 613522
538497.8897092044 64776
437759.0549506694 64776
409797.06302998215 64776
294165.1138924137 64776
0.0 572741
0.0 572741
0.0 572741
0.0 572741
421886.87131726183 957401
337912.4624519311 957401
323107.6420123819 957401
236706.87962008765 957401
611647.2808927372 579560
491932.8679636717 579560
473856.02736355923 579560
330465.26371795125 579560
615568.4818239976 339615
497309.37573554553 339615
486881.08635624684 339615
339623.3051383579 339615
406481.30390111543 555208
327064.88277470693 555208
302985.15599941835 555208
219720.72933707386 555208
0.0 571606
0.0 571606
0.0 571606
0.0 571606
0.0 457749
0.0 457749
0.0 457749
0.0 457749
358846.02797816787 217957
289234.78325421177 217957
281396.95537374914 217957
197116.53842825582 217957
0.0 799681
0.0 799681
0.0 799681
0.0 799681
0.0 372307
0.0 372307
0.0 372307
0.0 372307
370550.64939890243 586066
299989.79198805057 586066
298838.05315798335 586066
207213.33852330595 586066
0.0 67672
0.0 67672
0.0 67672
0.0 67672
0.0 915919
0.0 915919
0.0 915919
0.0 915919
0.0 563233
0.0 563233
0.0 563233
0.0 563233
569607.2828088608 936719
459463.72970023006 936719
442579.09348676354 936719
316014.0624045326 936719
519013.24481125176 905426
413653.991189776 905426
400473.92933853716 905426
277823.76397294365 905426
584072.8776650522 857775
470297.03273344785 857775
448414.2825092636 857775
327825.6899295179 857775
0.0 174384
0.0 174384
0.0 174384
243283.21963604167 174384
0.0 855637
0.0 855637
0.0 855637
0.0 855637
585889.6634832975 634974
473017.1799870292 634974
422202.6492734002 634974
323666.267297321 634974
413785.9337627776 953845
335108.5745306257 953845
256903.1514704395 953845
225153.42666442133 953845
0.0 971344
508260.0418814216 971344
504989.01300380565 971344
341359.5624063052 971344
410569.0858731996 108067
329787.44635244366 108067
321821.18811401166 108067
226149.30396822933 108067
611262.6872742157 822798
497189.1127547417 822798
382243.2169514671 822798
334097.6358028278 822798
386863.234751828 395147
310855.2193432494 395147
298849.8401136901 395147
213949.82787014297 395147
532970.2434035148 212755
432375.96342723444 212755
328763.9149532045 212755
290532.7580547699 212755
636992.4642347675 135205
508214.6958792694 135205
487466.7729594875 135205
341359.5797996558 135205
0.0 790133
0.0 790133
0.0 790133
0.0 790133
421245.5069699691 151078
337907.2197090057 151078
331720.6276936112 151078
228539.89359860588 151078
660973.1471068151 143380
529834.0737879938 143380
517973.3917991081 143380
355894.73017017666 143380
548140.5679343296 46085
440617.16146615334 46085
450233.6431620857 46085
313588.2277227873 46085
629317.62506634 365866
508095.74901678506 365866
461990.1699914625 365866
341359.0755718984 365866
0.0 83170
297391.9373187423 83170
302731.9576567039 83170
205392.41384160146 83170
486230.6819072198 383502
391915.9078874681 383502
371306.9191497173 383502
263298.23545561545 383502
536361.6112976912 108009
429775.0200655097 108009
358356.87074345537 108009
291445.9140298078 108009
478679.5054913368 130706
383852.55303447135 130706
375230.2233093232 130706
260617.74832687588 130706
494110.74860215746 693250
399977.4975611754 693250
373882.2074876521 693250
268745.3756225854 693250
512242.1007086411 613629
413519.3552913368 613629
367515.8868797915 613629
277816.4673065599 613629
522132.03421761 91630
421651.5209382319 91630
335375.65556686185 91630
283266.02551555197 91630
403057.63431649096 434347
324366.14106722485 434347
295942.7278313308 434347
224134.89211038547 434347
0.0 636327
491880.15589278936 636327
506548.1173808072 636327
354176.4570594076 636327
0.0 918811
0.0 918811
0.0 918811
0.0 918811
388875.656084897 303947
310898.92772328854 303947
312435.7643094361 303947
211170.41744048707 303947
487589.9433248993 68243
389301.83758397214 68243
382676.20252035744 68243
264799.31542045623 68243
359329.182153929 373805
286612.2903538905 373805
270609.4243820707 373805
192479.26121584946 373805
365349.1819634326 900438
291971.04887086526 900438
245836.81492843293 900438
196109.2914244188 900438
0.0 437029
0.0 437029
0.0 437029
0.0 437029
0.0 829801
0.0 829801
0.0 829801
0.0 829801
0.0 715801
0.0 715801
0.0 715801
0.0 715801
475712.4429967925 279405
386530.2590470426 279405
361611.5447237361 279405
269896.0978862867 279405
540007.9313877709 85264
435152.73162765056 85264
401461.44670709036 85264
296755.6548013054 85264
548041.3336668462 217909
443217.1988400072 217909
447182.3903617747 217909
310921.63380682655 217909
360568.2474949155 135618
289248.5120300278 135618
272586.5279771378 135618
195909.50836043805 135618
413187.0986093264 889110
329825.9221859146 889110
284424.04648411646 889110
229713.45526184142 889110
440675.3687687423 490622
356731.41497193836 490622
313488.8904425837 490622
245223.96922774613 490622
389520.2141276735 800908
313553.7281784173 800908
287117.5311634606 800908
212851.70162367588 800908
614623.5962004252 803175
497278.2258375753 803175
488514.8676345665 803175
345757.81650821987 803175
543709.1434988268 783096
437950.6399629172 783096
436942.81194638275 783096
300221.2287533395 783096
617438.3182024751 185894
497333.88613007404 185894
488258.41818808764 185894
349173.7546528739 185894
631812.0620475312 345538
508158.30035053194 345538
503994.57281599566 345538
349371.46209777566 345538
624810.686610279 697000
502760.25004374114 697000
465904.75648600486 697000
343407.0859772917 697000
0.0 706984
0.0 706984
0.0 706984
0.0 706984
0.0 217143
0.0 217143
0.0 217143
0.0 217143
0.0 577703
502820.63926213235 577703
463478.45025734976 577703
337742.3527017664 577703
459193.325488599 518875
367653.86821791343 518875
350379.4367769149 518875
253674.42843603622 518875
672761.2093625367 653268
537967.740606742 653268
541785.638945099 653268
376797.7482894957 653268
381088.60954456776 358970
305473.0974188335 358970
307425.04469631426 358970
209229.27892828174 358970
0.0 600272
0.0 600272
0.0 600272
0.0 600272
0.0 299742
0.0 299742
0.0 299742
0.0 299742
0.0 589657
0.0 589657
0.0 589657
0.0 589657
417617.9033191316 902667
337820.6508163251 902667
346328.74226440117 902667
242609.71401125565 902667
413811.45312624704 733084
332475.1954896394 733084
251883.83755241707 733084
223337.2644834509 733084
538345.501770094 227017
432492.4674935527 227017
413711.3981240615 227017
296873.93018653244 227017
371480.86213356256 850042
300008.5798907913 850042
299047.62143215537 850042
205247.0273939222 850042
525158.982794106 515443
419043.95323956385 515443
367916.25456331176 515443
283104.57970448583 515443
422621.3226287365 198246
337930.8954844922 198246
310741.55417578295 198246
226983.89620365575 198246
0.0 638972
0.0 638972
0.0 638972
226983.6664978452 638972
437283.54855652526 581893
348762.0163766425 581893
360291.8115195278 581893
238428.6841670936 581893
377381.0703458153 124601
305388.74790271 124601
273696.6247496009 124601
205180.4913265854 124601
373081.7432156466 331120
297410.1592285484 331120
281719.50988945924 331120
199732.95184735954 331120
410256.5450343825 469858
329776.8814314343 469858
307336.41821738705 469858
221536.754709173 469858
0.0 615207
0.0 615207
0.0 615207
240538.01286922023 615207
0.0 141050
0.0 141050
0.0 141050
0.0 141050
514118.6501964554 785077
413565.35966837965 785077
423142.91182529554 785077
281603.89436852065 785077
0.0 20016
0.0 20016
0.0 20016
0.0 20016
0.0 365474
0.0 365474
0.0 365474
0.0 365474
583220.6107483283 924065
472918.7761123888 924065
475704.313190043 924065
332416.3281679023 924065
0.0 96220
0.0 96220
0.0 96220
0.0 96220
0.0 115890
0.0 115890
0.0 115890
0.0 115890
0.0 785116
0.0 785116
0.0 785116
0.0 785116
352888.4991288458 39286
283817.52626437944 39286
262276.4279515296 39286
195917.29212249196 39286
474153.1072078645 395975
383764.98513817415 395975
360275.21933189034 395975
257850.91538371146 395975
523059.2924649101 74823
421637.7978293877 74823
352000.0439072177 74823
283270.8447736874 74823
0.0 464142
0.0 464142
0.0 464142
0.0 464142
0.0 308476
0.0 308476
0.0 308476
0.0 308476
548549.2982762456 787062
445905.9522820059 787062
399386.12745094486 787062
306745.2060255967 787062
654056.7602025829 338866
529700.5720540341 338866
499744.829935072 338866
367237.48150155507 338866
599092.8971970566 810873
486405.0761937797 810873
426647.94308843836 810873
326833.3007198982 810873
488323.7080896627 231183
391961.2942719739 231183
386106.4819649011 231183
268601.66914184485 231183
549469.190905096 16150
440599.6643059502 16150
418309.13795770827 16150
295976.0203209805 16150
417186.19640673883 115415
335182.94133105874 115415
240655.93219272172 115415
225166.95015691468 115415
503652.25065604225 449142
405481.9165487187 449142
398461.6184567977 449142
281042.66205602046 449142
0.0 541462
0.0 541462
0.0 541462
0.0 541462
358575.03281375114 114238
289214.43024017196 114238
270738.8166832328 114238
194358.28326892946 114238
583288.0362660848 702837
470298.13553266786 702837
432086.16489056003 702837
315948.8655072662 702837
451862.76853838563 634219
367492.85124761984 634219
298686.79980113544 634219
246942.93458790705 634219
544939.9459092375 629190
440550.8323653005 629190
441572.98613112234 629190
305002.49817608856 629190
445922.4165582862 321030
362104.36387139 321030
334117.5776986703 321030
243310.57482676953 321030
0.0 54329
0.0 54329
0.0 54329
249213.6123683378 54329
420224.9016024992 658876
340516.0784570165 658876
313069.82570876554 658876
228799.39666768909 658876
501413.26821862906 967591
400043.2775679417 967591
331607.2560339011 967591
270667.3810804896 967591
380961.86058286764 504623
308165.30595130846 504623
307537.8928583668 504623
211752.19972693486 504623
409285.2911977321 614945
329756.8985020034 614945
304073.82528778166 614945
221536.5279311426 614945
365840.91523307934 665802
291937.2036364395 665802
233272.16076450236 665802
196108.93337800633 665802
456180.7862157021 437262
367601.2671826159 437262
282891.7303957461 437262
246951.88884746158 437262
535318.8545684913 838537
429800.0484966201 838537
428977.7507986662 838537
292880.52741506073 838537
0.0 212044
0.0 212044
0.0 212044
372819.1154242605 212044
0.0 642414
0.0 642414
0.0 642414
0.0 642414
572077.1035219319 441045
462156.31494091824 441045
462443.10352537036 441045
319650.47836890817 441045
432844.1773637999 556536
348673.34599289484 556536
336351.7066411637 556536
238778.6428072676 556536
457693.91068100557 589930
370349.3178642001 589930
363128.03591986187 589930
248767.45996994028 589930
0.0 330049
0.0 330049
0.0 330049
0.0 330049
0.0 307462
0.0 307462
0.0 307462
0.0 307462
671921.4205479808 856274
535313.5599348024 856274
551219.8021169156 856274
366625.0947145261 856274
518348.4332030751 990528
418970.1132902298 990528
396409.78223372996 990528
281440.57797214016 990528
430843.1998243425 672442
346015.4117550403 672442
339747.85161560215 672442
236049.2458232455 672442
509683.15596771985 647615
410832.9782615416 647615
378901.2108179331 647615
276000.7182483636 647615
461788.88125758246 536273
372966.86436606385 536273
383518.8414208889 536273
268067.61946155503 536273
435665.5623137411 270979
348725.1605694182 270979
304931.3539372931 270979
239353.88171050823 270979
341221.9398218344 595527
275688.04282748076 595527
249975.05394820962 595527
189037.3540142756 595527
666820.8458550554 764849
532588.0767210461 764849
541638.485669814 764849
366226.38450012356 764849
404733.7272674944 166899
324386.55532572046 166899
328388.26769846183 166899
225921.36599571505 166899
571902.9155354686 833337
459522.88216937706 833337
449851.20783773065 833337
322268.5415581409 833337
0.0 371782
0.0 371782
0.0 371782
0.0 371782
0.0 277162
0.0 277162
0.0 277162
0.0 277162
493433.8519677967 815544
399962.6132437326 815544
388002.3613381684 815544
268745.13192255795 815544
408053.5765964687 906053
327097.83367132023 906053
283028.6953498572 906053
219720.96116576344 906053
474919.67298819683 441601
383781.0388113577 441601
359536.0159511653 441601
263432.6735866619 441601
554625.6057450119 404889
446021.9473791967 404889
433715.2911063445 404889
307555.4402558012 404889
0.0 871468
0.0 871468
0.0 871468
0.0 871468
0.0 484543
0.0 484543
0.0 484543
0.0 484543
0.0 284546
0.0 284546
0.0 284546
0.0 284546
0.0 343332
0.0 343332
0.0 343332
0.0 343332
0.0 638091
0.0 638091
383253.0898477994 638091
269961.2284178212 638091
355808.20944135264 182112
286507.83588690497 182112
213961.8981269598 182112
192470.72988009825 182112
605148.5750216953 875745
489173.9346854277 875745
466872.55240613595 875745
335946.119884016 875745
544722.8813369349 425341
440524.38816749305 425341
443333.0523327328 425341
307979.4112118855 425341
458792.09494932555 672719
370275.5863050185 672719
321213.7211993051 672719
249278.4262491353 672719
439632.7133224197 20038
351448.877231624 20038
286074.7864089869 20038
236062.35834933445 20038
384324.0403680727 598148
308188.94082061946 598148
293052.2736289017 598148
213674.24084819108 598148
389912.92440748215 848318
313547.8446775265 848318
231319.0602387935 848318
210627.47829936817 848318
494497.5706414655 885988
399978.0111153368 885988
364115.4740867056 885988
270656.65983375534 885988
0.0 172911
437969.1692878455 172911
424065.7966434024 172911
294165.356825687 172911
0.0 856550
0.0 856550
0.0 856550
293369.81303743646 856550
0.0 646589
0.0 646589
0.0 646589
213974.9329849556 646589
0.0 920965
0.0 920965
0.0 920965
267957.32910482585 920965
0.0 931216
0.0 931216
0.0 931216
0.0 931216
459808.9848407097 244624
370302.1941566579 244624
373409.5276787095 244624
257155.09978143126 244624
0.0 380601
0.0 380601
0.0 380601
0.0 380601
514620.4865398444 556420
413559.6084257476 556420
369854.7553105727 556420
277809.0117604211 556420
605945.1553128809 595907
486556.2223240435 595907
471464.5416643657 595907
326848.3099643402 595907
383330.7741838638 200968
308147.3276188597 200968
291829.35862734914 200968
212082.35553204888 200968
0.0 100958
0.0 100958
0.0 100958
0.0 100958
0.0 269133
0.0 269133
0.0 269133
0.0 269133
337628.5280237291 316599
272970.4780410342 316599
228366.94818206877 316599
187500.1667763777 316599
587708.9089096561 570498
473004.64983428456 570498
448130.4299515225 570498
327162.37115468644 570498
372452.88198067993 478940
300017.9452632256 478940
289845.4536270257 478940
204865.56397308037 478940
573209.4078864865 536387
462172.9111164287 536387
395295.2846764792 536387
310493.3518159501 536387
451501.5963088994 276533
362225.8938316728 276533
349642.7965766105 276533
249344.2266439485 276533
643714.8874908052 667100
518929.2283147052 667100
348954.3677044362 667100
348635.3676968068 667100
531605.63878759 123021
427077.70353845507 123021
397153.73375780135 123021
286887.4859409891 123021
0.0 87336
0.0 87336
0.0 87336
0.0 87336
578976.9247010015 939771
467563.3561261867 939771
460330.4516486712 939771
322238.4345287811 939771
422217.47108675167 689030
340615.8037465674 689030
319010.1692870793 689030
228794.39914152026 689030
0.0 199129
440664.9242063835 199129
449386.41984397173 199129
305162.12373282015 199129
591775.2610446848 727197
475730.4705816582 727197
454268.9381805286 727197
319585.2267655134 727197
334366.3526613675 409913
270270.1743632257 409913
220705.88372632302 409913
181583.45966989174 409913
521282.72417320684 672987
421664.4465294089 672987
413425.28458525054 672987
292665.03452700004 672987
567677.2843183447 573655
456840.67342909676 573655
404111.09449761856 573655
311503.3338675052 573655
428357.4931320958 460261
345955.892277437 460261
327715.1382807307 460261
235128.80392415076 460261
529564.205187723 816109
429667.7047794908 816109
438943.7413533218 816109
309095.69082254544 816109
0.0 334699
0.0 334699
0.0 334699
0.0 334699
352919.7506320812 141529
286456.50466479734 141529
281700.19556222856 141529
195402.37584519386 141529
599304.7712492365 93655
483782.5876245126 93655
474933.9074931927 93655
331184.37638759986 93655
516534.27883481234 702653
413598.62433996424 702653
394342.334822271 702653
277816.5805277303 702653
0.0 320051
0.0 320051
0.0 320051
0.0 320051
0.0 966252
0.0 966252
0.0 966252
0.0 966252
531732.5263314731 18352
429732.18712300994 18352
418203.32561817206 18352
293461.64987641573 18352
497558.0766250044 390048
397397.62601333484 390048
355601.6756197829 390048
266914.7653371133 390048
347533.0393118225 955240
278437.0842443742 955240
221457.50823838636 955240
187023.39827874675 955240
349021.7218164485 948251
281110.7000393998 948251
215767.95576763153 948251
189128.88151443875 948251
507624.76092336886 288592
408147.3888829574 288592
274235.4906774014 288592
274177.490677163 288592
410762.11059546284 470703
332411.84486511163 470703
278472.68301065144 470703
223346.17577322325 470703
346792.08258044097 665257
278436.87760000926 665257
255269.70817059372 665257
192437.185077277 665257
337269.49226712435 438907
272970.7340891808 438907
264147.06010135385 438907
186145.9053394124 438907
584320.8954937607 794032
472974.22619330883 794032
453711.61487217806 794032
326985.0830491173 794032
487023.18887306936 803464
389285.27330116555 803464
400428.0687924959 803464
269628.1249577937 803464
0.0 25141
0.0 25141
0.0 25141
0.0 25141
0.0 319365
0.0 319365
0.0 319365
0.0 319365
394235.59800161794 675498
318913.07575066015 675498
305734.2010258138 675498
214273.87650264055 675498
0.0 976109
491902.40281980485 976109
447323.06892668456 976109
330479.50520545617 976109
449486.6682990212 845942
359553.3446034957 845942
339172.59622462216 845942
246411.0253546303 845942
595716.725237865 231691
478420.4729384544 231691
469432.1741084233 231691
327158.61115179956 231691
0.0 466852
0.0 466852
0.0 466852
0.0 466852
0.0 645130
0.0 645130
0.0 645130
0.0 645130
0.0 796136
0.0 796136
0.0 796136
0.0 796136
0.0 2304
0.0 2304
0.0 2304
0.0 2304
0.0 180490
0.0 180490
0.0 180490
381742.0569032505 180490
336691.69759820774 702051
270314.273894174 702051
215721.4777265899 702051
181576.4405627884 702051
499132.33439572155 94966
400056.1228342075 94966
391195.68575791083 94966
273705.55843229406 94966
489398.3153797835 931612
391978.61273310333 931612
398425.17218277603 931612
271883.9587409459 931612
419520.6340192761 230507
337862.43737457506 230507
292346.8583000886 230507
226984.68207579726 230507
605755.6826360002 753811
491817.31730286404 753811
465105.57876028493 753811
330479.77111655846 753811
586881.4176957868 459126
470360.5913368948 459126
481019.82489839196 459126
322801.8840013761 459126
616616.9239135794 57849
497303.7299096845 57849
478203.60738676786 57849
334096.45509501547 57849
508014.50790733844 125525
410868.6341564376 125525
390442.640572723 125525
277804.8711472899 125525
339697.6556106508 332304
270381.54683947563 332304
248848.79084534198 332304
181590.87094623223 332304
0.0 669509
0.0 669509
0.0 669509
268830.84785777703 669509
0.0 175089
0.0 175089
0.0 175089
0.0 175089
0.0 100832
0.0 100832
0.0 100832
0.0 100832
0.0 115338
0.0 115338
0.0 115338
0.0 115338
378818.0561440829 841308
305437.5689873975 841308
287996.75812646 841308
207678.34799811803 841308
0.0 234111
0.0 234111
0.0 234111
0.0 234111
439957.1760709509 152693
354082.6159719415 152693
357031.715676032 152693
245412.18754724786 152693
478847.4451579787 439972
386496.27535757795 439972
364821.4310505055 439972
259666.78050228208 439972
380888.1329146717 749675
308098.74629582465 749675
272480.4689889389 749675
217061.67022056878 749675
0.0 864037
0.0 864037
0.0 864037
0.0 864037
0.0 783804
0.0 783804
0.0 783804
0.0 783804
553699.3832308874 260067
443317.479671523 260067
418299.9781368822 260067
307392.7358085383 260067
416559.378928924 273759
335165.8637787141 273759
303008.7674004659 273759
228683.25697418055 273759
669316.557482969 790307
537955.8390132114 790307
0.0 290538
647332.5299177393 290538
426105.9960644961 290538
426105.9960644961 290538
426105.9960644961 290538
0.0 290538
0.0 290538
0.0 290538
0.0 290538
0.0 290538
0.0 290538
0.0 290538
0.0 290538
0.0 290538
0.0 290538
0.0 290538
0.0 290538
0.0 290538
332119.45076447143 290538
332119.45076447143 290538
0.0 290538
332119.45076447143 290538
99031.49423347902 290538
99031.49423347902 290538
99031.49423347902 290538
99031.49423347902 290538
99031.49423347902 290538
99031.49423347902 290538
99031.49423347902 290538
99031.49423347902 290538
99031.49423347902 290538
99031.49423347902 290538
99031.49423347902 290538
99031.49423347902 290538
99031.49423347902 290538
99031.49423347902 290538
99031.49423347902 290538
98596.0537046094 290538
339059.50527092675 290538
339059.50527092675 290538
339059.50527092675 290538
98596.0537046094 290538
98596.0537046094 290538
98596.0537046094 290538
99031.49423347902 290538
99806.18861519289 290538
99031.49423347902 290538
99031.49423347902 290538
99031.49423347902 290538
99031.49423347902 290538
99031.49423347902 290538
99031.49423347902 290538
99031.49423347902 290538
99031.3255195915 290538
0.0 290538
99031.3255195915 290538
99031.3255195915 290538
0.0 290538
0.0 290538
0.0 290538
0.0 290538
0.0 290538
0.0 290538
0.0 290538
0.0 290538
0.0 290538
0.0 290538
0.0 290538
0.0 290538
113527.82114816735 290538
0.0 290538
125570.10164154095 290538
125610.39130662056 290538
297328.8518945563 290538
125610.63520234199 290538
526897.9634114293 290538
526897.9634114293 290538
526897.9634114293 290538
297328.4456788886 290538
125610.63520234199 290538
132882.61682856816 290538
132882.61682856816 290538
132882.61682856816 290538
132882.61682856816 290538
125834.00600593832 290538
125786.00134062865 290538
297285.3310761936 290538
0.0 290538
425617.8585099698 290538
112029.29023813452 290538
113504.70027820703 290538
113504.70027820703 290538
432625.09733780054 290538
325168.6340499534 290538
297285.3310761936 290538
697786.1324563511 290538
279173.1756182243 290538
114619.00129574956 290538
433074.5397334213 290538
431935.50830891076 290538
697786.1324563511 290538
114619.06320222467 290538
431935.50830891076 290538
431935.50830891076 290538
113498.33328117756 290538
293772.24593929853 290538
392785.4265199192 290538
392785.4265199192 290538
392785.4265199192 290538
392785.4265199192 290538
0.0 290538
168452.12928760945 290538
168452.12928760945 290538
168452.12928760945 290538
145785.68111281493 290538
145785.68111281493 290538
145785.68111281493 290538
159386.43515652916 290538
497536.28497804585 290538
497536.28497804585 290538
497536.28497804585 290538
497536.28497804585 290538
497606.7986180965 290538
497536.28497804585 290538
497536.28497804585 290538
497536.28497804585 290538
457436.1990902888 290538
457436.1990902888 290538
457436.1990902888 290538
457436.1990902888 290538
457436.1990902888 290538
457436.1990902888 290538
297285.3310761936 290538
392785.4265199192 290538
457436.1990902888 290538
457436.1990902888 290538
457436.1990902888 290538
297285.3310761936 290538
297285.3310761936 290538
457386.55585583916 290538
392785.4265199192 290538
457436.1990902888 290538
457436.1990902888 290538
457436.1990902888 290538
457436.1990902888 290538
392785.4265199192 290538
392785.4265199192 290538
297285.3310761936 290538
457436.1990902888 290538
480786.3204016772 290538
480786.3204016772 290538
300785.49188094214 290538
300785.49188094214 290538
300785.49188094214 290538
293772.24593929853 290538
526785.3310761936 290538
496119.4657896844 290538
496119.4657896844 290538
496119.4657896844 290538
496119.4657896844 290538
496119.4657896844 290538
697786.1324563511 290538
697786.1324563511 290538
297285.3310761936 290538
457436.1990902888 290538
457436.1990902888 290538
480786.3204016772 290538
526785.3310761936 290538
496119.4657896844 290538
496119.4657896844 290538
300785.49188094214 290538
496119.4657896844 290538
526785.3310761936 290538
480786.3204016772 290538
480786.3204016772 290538
480786.3204016772 290538
480786.3204016772 290538
480786.3204016772 290538
480786.3204016772 290538
526785.3310761936 290538
526785.3310761936 290538
297285.3310761936 290538
297285.3310761936 290538
457436.1990902888 290538
480786.3204016772 290538
526785.3310761936 290538
297285.3310761936 290538
297285.3310761936 290538
297285.3310761936 290538
297285.3310761936 290538
392785.4265199192 290538
457436.1990902888 290538
297285.3310761936 290538
697786.1324563511 290538
392785.4265199192 290538
457436.1990902888 290538
457436.1990902888 290538
457436.1990902888 290538
457436.1990902888 290538
457436.1990902888 290538
457436.1990902888 290538
457436.1990902888 290538
457436.1990902888 290538
283785.71646742895 290538
426161.16697773075 290538
420785.3310761936 290538
497536.28497804585 290538
297285.3310761936 290538
297285.3310761936 290538
457436.1990902888 290538
456186.980131018 290538
295785.3310761936 290538
696286.1324563511 290538
391285.4265199192 290538
456186.980131018 290538
391285.4265199192 290538
391285.4265199192 290538
391285.4265199192 290538
391285.4265199192 290538
391285.4265199192 290538
391285.4265199192 290538
391285.4265199192 290538
391285.4265199192 290538
391285.4265199192 290538
391285.4265199192 290538
391285.4265199192 290538
391285.4265199192 290538
391285.4265199192 290538
391285.4265199192 290538
391285.4265199192 290538
391285.4265199192 290538
391285.4265199192 290538
391285.4265199192 290538
391285.4265199192 290538
391285.4265199192 290538
391285.4265199192 290538
298385.56388182717 290538
524785.6466571974 290538
494118.97999053076 290538
298385.56388182717 290538
456236.0969593989 290538
457436.0969593989 290538
342876.9204587734 290538
847.2591386325657 290538
847.2591386325657 290538
325168.6340499534 290538
526785.6466571974 290538
0.0 290538
0.0 290538
279173.1756182243 290538
496118.97999053076 290538
1783.6389779347926 290538
1783.6389779347926 290538
293772.24593929853 290538
300785.56388182717 290538
1493.5825972298626 290538
1493.5825972298626 290538
292996.0207710561 290538
342876.9204587734 290538
433074.6016398964 290538
432625.09733780054 290538
113504.78282017384 290538
113504.78282017384 290538
432625.09733780054 290538
113504.78282017384 290538
325168.6340499534 290538
526785.6466571974 290538
433074.6016398964 290538
114619.06320222467 290538
329232.35680345073 290538
496118.97999053076 290538
431935.50830891076 290538
113498.33328117756 290538
293772.24593929853 290538
300785.56388182717 290538
432530.64702771994 290538
113455.13017430373 290538
292996.0207710561 290538
342876.9204587734 290538
231928.31244793694 290538
220118.93756410354 290538
299550.70372224844 290538
232473.99136101268 290538
232415.99136077426 290538
263285.9028192051 290538
263343.9028195627 290538
350577.9695389373 909538
236495.38913697284 909538
139176.53553452232 909538
139234.53553342557 909538
317673.59696250595 310420
232415.94439732097 310420
203662.6415619459 310420
203720.641563138 310420
0.0 793815
0.0 793815
171202.0127728209 793815
171260.01277401298 793815
0.0 299994
0.0 299994
92009.40392676368 299994
92067.40392652526 299994
329344.15734480415 201337
236770.91077872692 201337
169967.00779918878 201337
170025.0077994749 201337
329820.04488219816 768912
232417.07577938898 768912
231595.4123593191 768912
231653.41235816106 768912
298142.25469137635 768794
234468.22661229782 768794
261657.6065970904 768794
261715.60659688603 768794
0.0 148536
233544.1283461675 148536
127795.02077048272 148536
127853.02076988667 148536
0.0 890885
239606.40399587713 890885
98731.64993379948 890885
98789.64993324317 890885
326855.0137935237 852888
234200.9241437544 852888
246212.26999513138 852888
246270.269995472 852888
312258.37704332266 365080
234800.7499250217 365080
274378.6440133311 365080
274436.64401395095 365080
348900.7076237146 233377
238622.17517309356 233377
176402.77969566957 233377
176460.77969571724 233377
337626.02872115094 225574
240112.65942265527 225574
277389.27186622954 225574
277447.2718674693 225574
290561.1961187748 828104
234773.64848102504 828104
337705.13505636156 828104
337763.13505749404 828104
323947.51369625796 676239
240060.9740274705 676239
241772.44986249428 676239
241830.4498623921 676239
284297.8079340821 522308
232417.11584060453 522308
342556.4628940209 522308
342614.46289344184 522308
317243.83274977375 66444
233481.56604859792 66444
174480.3496656105 66444
174538.34966637343 66444
332887.10849505663 611580
232415.90129887126 611580
110153.27396752685 611580
110211.27396848053 611580
323602.5036576081 729303
233152.04129804517 729303
188926.63180549195 729303
188984.63180509457 729303
324553.0248303036 199643
235969.20658865105 199643
199424.6686043325 199643
199482.66860409407 199643
339730.1600932535 117189
235418.1746964349 117189
242608.9167110071 117189
242666.9167108368 117189
303558.33013903286 899336
232416.37900276048 899336
272052.3663520028 899336
272110.3663519347 899336
324997.54830658063 361201
236431.4993418064 361201
173389.9843618855 361201
173447.9843622193 361201
298455.45737104304 394590
232417.45363532566 394590
351169.33193942084 394590
351227.3319399931 394590
281916.4473411671 899195
232781.49759646566 899195
246410.9486717681 899195
246468.94867200652 899195
333871.9555903189 500091
234127.13742847616 500091
130222.67485079356 500091
130280.67485079356 500091
321360.9969499819 631323
232415.8438913729 631323
496192.5901144526 631323
496250.5901134194 631323
298732.33980864193 285948
232416.29636787437 285948
495488.74244173494 285948
495546.74244173494 285948
309720.8469909937 4096
235881.4138561152 4096
275971.19656652585 4096
276029.196566049 4096
311688.82186970906 995694
235726.06562142028 995694
293535.6583689986 995694
293593.65836930514 995694
306226.29096836224 589703
235009.18370797858 589703
195646.7052958634 589703
195704.70529681706 589703
0.0 5962
0.0 5962
191565.37002062364 5962
191623.37002117993 5962
320943.7732068999 830047
234487.3382219132 830047
177614.20897923462 830047
177672.2089800861 830047
334976.60738295194 319530
235528.83359271148 319530
176786.9698988762 319530
176844.96989882324 319530
278196.91392882605 557745
239652.8838266735 557745
143209.67039758043 557745
143267.6703977473 557745
351002.23430603556 652202
241547.79823096097 652202
131539.52336853518 652202
131597.5233684875 652202
320955.34992226213 553793
232416.33053361438 553793
88762.46034323548 553793
88820.46034291759 553793
293505.9449975975 884108
232415.83036958054 884108
436652.63231320214 884108
436710.6323129637 884108
319213.6392936334 898233
232416.08696638606 898233
214946.02535501248 898233
215004.0253537409 898233
288672.0080003993 996114
234217.01121643558 996114
269492.9768414696 996114
269550.976841708 996114
323708.06766340014 497459
235118.01451975168 497459
307797.50924170983 497459
307855.5092422821 497459
321873.6771175607 146660
237859.10391219272 146660
152347.98193129525 146660
152405.9819306992 146660
329736.25880805653 49340
234490.38262139945 49340
216594.91113186866 49340
216652.91113220926 49340
325970.5891141345 6275
241224.94666717248 6275
254292.6462056756 6275
254350.64620534182 6275
296033.3805207635 168584
232465.92722181356 168584
291778.3661862525 168584
291836.36618645117 168584
332696.9905385431 431307
236246.87652828963 431307
169903.50601745443 431307
169961.50601749416 431307
320833.8693252378 327829
233901.55260372983 327829
200154.65172430026 327829
200212.65172436528 327829
307476.89159975824 486411
240144.42793349797 486411
213030.48133805286 486411
213088.48133822318 486411
335126.27807416907 85471
236271.00302731097 85471
180371.92725157386 85471
180429.92725194473 85471
323028.7840693183 789034
235480.94450351564 789034
278977.87821474724 789034
279035.87821498566 789034
316679.57899780263 886174
234284.23524578815 886174
236384.520381664 886174
236442.5203816857 886174
0.0 968871
0.0 968871
187169.75503046997 968871
187227.7550309468 968871
0.0 888121
0.0 888121
200898.10503906384 888121
200956.10503811017 888121
299716.64115066826 302512
232416.2711969521 302512
187990.2026255702 302512
188048.20262564966 302512
333747.43612751056 254922
237062.58279542587 254922
216538.010357793 254922
216596.01035824337 254922
325453.3683726038 602451
236637.37326443754 602451
196540.38013084308 602451
196598.38013084308 602451
345409.2005675882 86904
238495.39610106684 86904
184669.47559341416 86904
184727.47559253997 86904
349776.41442119144 969585
236622.38233198225 969585
149722.09278311892 969585
149780.0927828805 969585
0.0 930192
0.0 930192
106235.2844161652 930192
106293.28441680099 930192
0.0 139635
238530.80526937172 139635
125899.68928889744 139635
125957.68928794377 139635
323308.17251264676 472927
234943.04792816192 472927
197465.291917897 472927
197523.29191784933 472927
309848.1439037351 141124
239767.085084626 141124
214188.33432465233 141124
214246.334325606 141124
336291.48388808034 850105
236017.1438058745 850105
189540.08206573874 850105
189598.082065699 850105
322630.66682470776 71061
236507.54565422857 71061
193637.91596824396 71061
193695.9159678466 71061
301954.9965832991 708653
232815.28393403068 708653
172827.26597127583 708653
172885.26597236577 708653
317479.3465003148 377443
236724.73041234305 377443
187371.94281132915 377443
187429.94281091192 377443
0.0 170019
232416.2911196854 170019
164227.4793846067 170019
164285.47938484512 170019
352488.9438691605 781763
237804.79150733413 781763
223032.44264436793 781763
223090.44264478516 781763
322302.81805701676 386778
233800.47425068542 386778
314241.0827746168 386778
314299.0827750936 386778
337431.4321646169 838841
237525.22261741944 838841
310216.8990555059 838841
310274.89905512444 838841
335028.94418624975 607262
235513.0872091269 607262
242514.52207431896 607262
242572.52207449777 607262
344551.92291345075 186636
239455.13154322095 186636
138907.79396433616 186636
138965.79396445537 186636
345739.37649122626 680028
237522.75561868958 680028
120536.19569837674 680028
120594.19569825754 680028
339372.72608464333 23352
237427.09421443194 23352
177030.90202884452 23352
177088.90202893986 23352
348409.360988548 478953
235538.02970266776 478953
157527.16945544817 478953
157585.16945544817 478953
232473.77818046883 410940
236971.1908227671 410940
265628.69822127745 410940
265686.69822115824 410940
337712.3455239376 457000
236428.41246756725 457000
158561.5810569018 457000
158619.58105795085 457000
319534.6610416062 102207
232417.550621856 102207
181652.70249816775 102207
181710.7024975717 102207
0.0 592288
0.0 592288
169935.43849770725 592288
169993.43849603832 592288
0.0 783673
0.0 783673
129603.25454578735 783673
129661.25454542972 783673
320308.672158805 766519
241218.41060247924 766519
159989.13774302267 766519
160047.13774271272 766519
338460.8903738046 685743
232417.02379348813 685743
215794.27563381035 685743
215852.27563401472 685743
287613.87604287453 820085
234423.93188764527 820085
274223.8375181795 820085
274281.8375182817 820085
0.0 810388
0.0 810388
102428.27375972085 810388
102486.27376055531 810388
0.0 444326
239480.87019209005 444326
112553.1710626334 444326
112611.17106303076 444326
315464.149377356 710863
237953.13579036156 710863
294089.74892634153 710863
294147.74892618257 710863
284648.44486572035 524414
235143.55630627833 524414
284803.3783418864 524414
284861.3783421248 524414
347324.7414534725 178585
238872.49188936935 178585
176322.2330412302 178585
176380.23304137326 178585
336545.9643088216 409993
235114.77342987186 409993
290297.2383358162 409993
290355.2383351963 409993
313849.0000965488 267901
237250.9351554051 267901
256792.94480748926 267901
256850.94480728492 267901
247871.45064523816 178077
232418.24360707277 178077
324437.16505410895 178077
324495.1650538705 178077
308250.30378560815 606969
234132.3887788883 606969
323334.4709091 266023
232416.11484014057 266023
140511.52360401241 266023
140569.52360409187 266023
324578.8436524909 742696
235695.4416993934 742696
180741.61613518046 742696
180799.61613508113 742696
322785.91769539285 202338
232693.73295326624 202338
195075.16709264865 202338
195133.1670931255 202338
286765.38431920484 551856
233759.11431151503 551856
303131.60362677946 551856
303189.6036264457 551856
340021.7324660619 167231
235521.86518660095 167231
267190.5518483195 167231
267248.5518467187 167231
324661.8865439718 633980
236135.10278332108 633980
242735.4500130093 633980
242793.45001297523 633980
278677.1264181286 236431
235932.75295472518 236431
192337.46520401948 236431
192395.46520487778 236431
303076.0501805693 183083
232417.6253988631 183083
359302.68001425714 183083
359360.6800148293 183083
298734.965275567 167044
232794.02623176947 167044
239938.11233073226 167044
239996.11233077198 167044
342302.71900458634 711361
237461.23598617502 711361
140736.71809435915 711361
140794.7180948658 711361
320042.49613536894 774777
232416.04008327797 774777
596123.790105978 774777
596181.7901070112 774777
279678.3041782286 101751
232416.11799739767 101751
495597.2496005303 101751
495655.24960076873 101751
274360.01755713625 471745
232416.7641289127 471745
291562.2625025841 471745
291620.26250241377 471745
334273.2324010525 962561
235057.14157970287 962561
279788.354612334 962561
279846.3546125724 962561
321785.8252929412 721789
235425.73001854122 721789
203208.2876794789 721789
203266.28767876365 721789
294792.39740623534 468238
232415.70117365196 468238
196924.39541191483 468238
196982.39541151747 468238
333884.8635005634 51584
233972.40079905465 51584
151724.14232540852 51584
151782.1423249615 51584
339113.238878604 539053
236499.44902152196 539053
151988.37583499568 539053
152046.3758349162 539053
320001.86925339577 824392
236181.98896455858 824392
154417.57433187217 824392
154475.57433172912 824392
319188.20731687546 943808
232415.96330581978 943808
475007.5435866453 943808
475065.5435847379 943808
318314.07070052624 360657
232416.5453399308 360657
244110.6888041459 360657
244168.6888041459 360657
300591.6727331877 43462
233460.4669694854 43462
307184.93516230956 43462
307242.93516230956 43462
275619.94145700336 282109
234770.31209892654 282109
301725.3895008862 282109
301783.3895014107 282109
329761.96112915623 943802
234832.81721291816 943802
153911.1992726115 943802
153969.19927221411 943802
297034.22244663164 506506
235096.82587330168 506506
215334.25498118304 506506
215392.2549815577 506506
332172.84623318166 14373
235104.73088893792 14373
178986.5025922718 14373
179044.50259199366 14373
296720.2070519415 906566
232439.73872017735 906566
309674.8929108642 906566
309732.89291054633 906566
335519.8812749516 257196
237452.72025488765 257196
180723.48969542608 257196
180781.48969488963 257196
333569.05582526606 836491
233846.21032813488 836491
192341.21997372704 836491
192399.21997390044 836491
311423.2445357889 224197
234326.66800164804 224197
192492.78751096874 224197
192550.78751108795 224197
341103.7251724961 940687
234716.84299913328 940687
162628.0426000398 940687
162686.04259958945 940687
0.0 19340
0.0 19340
190182.44401357695 19340
190240.44401214644 19340
0.0 594793
0.0 594793
192843.7729915604 594793
192901.77299227566 594793
336515.80873924866 839115
232416.5579146035 839115
157231.32143578058 839115
157289.3214368137 839115
295508.1185194254 613522
232416.50061856583 613522
161889.30962363383 613522
161947.30962450802 613522
330756.74940126017 64776
236860.06574493198 64776
206439.20447121642 64776
206497.20447108397 64776
320427.1566202892 572741
237062.51595959067 572741
197700.28570713624 572741
197758.28570720777 572741
0.0 957401
239614.94852268323 957401
108744.03727533917 957401
108802.03727533917 957401
0.0 579560
232415.70025836304 579560
119141.04850798969 579560
119199.0485067976 579560
0.0 339615
240531.56285342574 339615
177819.66813331842 339615
177877.6681328416 339615
0.0 555208
240422.7842613384 555208
88055.2413107194 555208
88113.24130952731 555208
329566.23864897713 571606
234436.0789794661 571606
192970.78187545092 571606
193028.78187530785 571606
294651.8158212695 457749
240144.6249555101 457749
178273.33872817605 457749
178331.338728033 457749
344217.9205583793 217957
237564.50098035112 217957
234666.8363109529 217957
234724.83631123105 217957
325821.26081460156 799681
236187.86541834226 799681
200947.66218103966 799681
201005.66218103966 799681
299034.4754203918 372307
232474.86597784483 372307
165025.84833058823 372307
165083.8483310991 372307
317946.1777756239 586066
236724.79163643997 586066
202449.58516382426 586066
202507.58516412228 586066
335169.38833470456 67672
237017.68300324865 67672
267267.49197975546 67672
267325.4919800535 67672
316839.5652518707 915919
233777.41397561753 915919
349286.49299971014 915919
349344.49299869686 915919
324891.858307908 563233
235477.39880555868 563233
289898.19291887584 563233
289956.1929191619 563233
324743.0087805595 936719
232416.35076307133 936719
245518.7410235405 936719
245576.74102318287 936719
342283.8392284177 905426
236472.38850781694 905426
134621.24490834028 905426
134679.24490959197 905426
348933.78445553407 857775
239548.19059600309 857775
105507.77822610363 857775
105565.7782256864 857775
347751.0829611495 174384
238996.88209835067 174384
146611.47644939646 174384
146669.47644907856 174384
232474.2525380738 855637
236035.72701865062 855637
315923.0605178587 855637
315981.06051714346 855637
344831.40188956074 634974
235948.25666869245 634974
159712.17012608572 634974
159770.17012622877 634974
322796.27619957924 953845
232416.5560179837 953845
159044.45609427243 953845
159102.45609415323 953845
351911.71791504323 971344
240220.7403288372 971344
176367.85576422216 971344
176425.85576450825 971344
328162.9170223561 108067
232417.20795070007 108067
243841.57574943188 108067
243899.5757482398 108067
305875.7584177945 822798
234454.61255724603 822798
264463.62783081457 822798
264521.62783125736 822798
0.0 395147
0.0 395147
113355.51692492142 395147
113413.51692527905 395147
0.0 212755
240614.3996045068 212755
96411.57023638736 212755
96469.57023646683 212755
312632.1565779634 135205
235910.27899204288 135205
261784.94340504598 135205
261842.94340545472 135205
328985.71476856247 790133
235100.70422151312 790133
290842.5013432644 790133
290900.5013432644 790133
339940.81772997975 151078
235472.85706146187 151078
302150.62434457464 151078
302208.6243441932 151078
287736.00246086903 143380
234425.55647734678 143380
357959.701255545 143380
358017.70125488937 143380
321372.8494990617 46085
234235.31727160217 46085
264643.35291708156 46085
264701.3529168772 46085
431630.7528631183 290538
299550.70372224844 290538
299550.8285090658 290538
325168.6340499534 290538
325168.6340499534 290538
321131.0132809037 290538
326104.13324157003 290538
231928.31244793694 290538
306072.57230747305 290538
306072.57230747305 290538
231928.31244793694 290538
231928.31244793694 290538
306072.57230747305 290538
113227.85342625529 290538
0.0 290538
231928.29024094928 290538
231928.29024094928 290538
231928.29024094928 290538
231928.29024094928 290538
231928.29024094928 290538
231928.29024094928 290538
231928.29024094928 290538
0.0 290538
0.0 290538
0.0 290538
0.0 290538
0.0 290538
0.0 290538
0.0 290538
0.0 290538
0.0 290538
0.0 290538
0.0 290538
0.0 290538
231928.29024094928 290538
0.0 290538
0.0 290538
0.0 290538
0.0 290538
164274.89758488163 290538
431763.7525952328 290538
113227.85342625529 290538
306072.57230747305 290538
231928.29024094928 290538
164274.89758488163 290538
105571.24984913746 290538
164274.89758488163 290538
164274.89758488163 290538
164274.89758488163 290538
164274.89758488163 290538
164274.89758488163 290538
164274.89758488163 290538
164274.89758488163 290538
164274.89758488163 290538
164274.89758488163 290538
164274.89758488163 290538
164274.89758488163 290538
164274.89758488163 290538
164274.89758488163 290538
164274.89758488163 290538
164274.89758488163 290538
164274.89758488163 290538
164274.89758488163 290538
238785.37527709082 290538
164274.89758488163 290538
105515.69429358191 290538
231928.29024094928 290538
171708.6959894265 290538
231928.29024094928 290538
231928.29024094928 290538
231928.29024094928 290538
231928.29024094928 290538
231928.29024094928 290538
231928.29024094928 290538
231928.29024094928 290538
171708.6959894265 290538
231928.29024094928 290538
231928.29024094928 290538
231928.29024094928 290538
324892.8739531298 290538
201963.46487592053 290538
209198.12198910624 290538
201963.46487592053 290538
0.0 290538
201963.46487592053 290538
209198.12198910624 290538
201963.46487592053 290538
201963.46487592053 290538
209198.12198910624 290538
209198.12198910624 290538
209198.12198910624 290538
209198.12198910624 290538
209198.12198910624 290538
114174.90250190733 290538
114174.90250190733 290538
431865.94428322994 290538
113860.26956248093 290538
209198.12198910624 290538
324892.8739531298 290538
321131.0132809037 290538
114174.90250190733 290538
113910.1966195544 290538
113910.1966195544 290538
0.0 290538
113910.1966195544 290538
114174.90250190733 290538
431220.7403197085 290538
113791.62191192528 290538
323976.30760697846 290538
203800.60848813178 290538
0.0 290538
243335.01495426416 290538
242960.01495426416 290538
230956.2150770682 290538
230956.2150770682 290538
230956.2150770682 290538
230592.57871343184 290538
230956.2150770682 290538
327672.0586132071 290538
327672.0586132071 290538
431123.0354057934 290538
431123.0354057934 290538
431122.99638232944 290538
